1.000000000000000000e+00 -4.741164621758550801e+00 3.679566115906525603e+00 -7.446666278960676344e+00 0.000000000000000000e+00 0.000000000000000000e+00 0.000000000000000000e+00
1.000000000000000000e+00 -4.093398839942913980e+00 3.934897051520699574e+00 -6.045695320418619012e+00 0.000000000000000000e+00 0.000000000000000000e+00 0.000000000000000000e+00
1.000000000000000000e+00 -5.291858513902271355e+00 2.632653394691168103e+00 8.422787228358730172e-01 0.000000000000000000e+00 0.000000000000000000e+00 0.000000000000000000e+00
1.000000000000000000e+00 4.497310989025499417e+00 -2.493554325485168865e-01 -5.935538089776182247e+00 0.000000000000000000e+00 0.000000000000000000e+00 0.000000000000000000e+00
1.000000000000000000e+00 7.112013687795718297e+00 -4.102502865928111753e+00 -4.734668602205387877e+00 0.000000000000000000e+00 0.000000000000000000e+00 0.000000000000000000e+00
1.000000000000000000e+00 -6.418502584611064599e+00 5.827617834255479856e+00 -3.851880236173306660e+00 0.000000000000000000e+00 0.000000000000000000e+00 0.000000000000000000e+00
1.000000000000000000e+00 -9.396248598219838044e+00 -8.930069656924003452e-01 1.049852771840240839e+00 0.000000000000000000e+00 0.000000000000000000e+00 0.000000000000000000e+00
1.000000000000000000e+00 7.842075686283589420e-02 3.600740718001999241e+00 3.662556039617408832e+00 0.000000000000000000e+00 0.000000000000000000e+00 0.000000000000000000e+00
1.000000000000000000e+00 3.093616226801763069e+00 8.736465901082029362e+00 4.426720584440361761e-01 0.000000000000000000e+00 0.000000000000000000e+00 0.000000000000000000e+00
1.000000000000000000e+00 -5.792963562880887096e+00 3.660370572560469604e+00 -5.506249860358412462e+00 0.000000000000000000e+00 0.000000000000000000e+00 0.000000000000000000e+00
1.000000000000000000e+00 3.664367973313181759e-02 2.258089019780537665e+00 -1.095313704422838486e+00 0.000000000000000000e+00 0.000000000000000000e+00 0.000000000000000000e+00
1.000000000000000000e+00 4.637344003788921754e+00 -4.600748099348908937e+00 -5.583607171215140275e-01 0.000000000000000000e+00 0.000000000000000000e+00 0.000000000000000000e+00
1.000000000000000000e+00 -7.197584084381535519e+00 5.187815381291531303e+00 2.424982193043291989e+00 0.000000000000000000e+00 0.000000000000000000e+00 0.000000000000000000e+00
1.000000000000000000e+00 -1.813001820638715789e-01 -5.027380656438978690e+00 8.381864722596715112e+00 0.000000000000000000e+00 0.000000000000000000e+00 0.000000000000000000e+00
1.000000000000000000e+00 2.840551210920971847e+00 -6.937773243008937385e+00 -5.260409943550273582e+00 0.000000000000000000e+00 0.000000000000000000e+00 0.000000000000000000e+00
1.000000000000000000e+00 4.981165573458577356e+00 -8.450356108588259751e-02 1.258651376203314021e+00 0.000000000000000000e+00 0.000000000000000000e+00 0.000000000000000000e+00
1.000000000000000000e+00 8.489885013341407216e+00 -9.205375578062160447e-01 1.394710148583393705e+00 0.000000000000000000e+00 0.000000000000000000e+00 0.000000000000000000e+00
1.000000000000000000e+00 -2.168347164151584128e+00 -1.487713963433639375e+00 1.760181714676170239e+00 0.000000000000000000e+00 0.000000000000000000e+00 0.000000000000000000e+00
1.000000000000000000e+00 -1.888640035091394997e+00 4.180035611932698458e+00 4.320756599402196585e+00 0.000000000000000000e+00 0.000000000000000000e+00 0.000000000000000000e+00
1.000000000000000000e+00 1.059418864899707602e+00 -5.537091892040386654e+00 7.866196937341189965e+00 0.000000000000000000e+00 0.000000000000000000e+00 0.000000000000000000e+00
1.000000000000000000e+00 -6.109880829530345281e+00 -7.039211111347743355e+00 3.551393975319438567e+00 0.000000000000000000e+00 0.000000000000000000e+00 0.000000000000000000e+00
1.000000000000000000e+00 2.887374974078786405e+00 -8.019514002378642203e+00 5.038389976522474889e-01 0.000000000000000000e+00 0.000000000000000000e+00 0.000000000000000000e+00
1.000000000000000000e+00 -4.130307357225073694e+00 2.638939204750563317e+00 -4.321561036309701009e+00 0.000000000000000000e+00 0.000000000000000000e+00 0.000000000000000000e+00
1.000000000000000000e+00 -1.681022694944811269e+00 -8.961754387394291754e+00 -1.244409344040848131e+00 0.000000000000000000e+00 0.000000000000000000e+00 0.000000000000000000e+00
1.000000000000000000e+00 -8.069911582142249573e-01 2.458915931005207334e+00 -1.654059646101294856e+00 0.000000000000000000e+00 0.000000000000000000e+00 0.000000000000000000e+00
1.000000000000000000e+00 3.073535273579984572e+00 1.751233410387978751e+00 7.419147771887364406e+00 0.000000000000000000e+00 0.000000000000000000e+00 0.000000000000000000e+00
1.000000000000000000e+00 5.789658485510299712e+00 -3.593173309494189116e+00 6.730777409885535079e+00 0.000000000000000000e+00 0.000000000000000000e+00 0.000000000000000000e+00
1.000000000000000000e+00 6.698611173510100603e-01 6.018556293793420053e+00 -5.320936637537606373e+00 0.000000000000000000e+00 0.000000000000000000e+00 0.000000000000000000e+00
1.000000000000000000e+00 -2.793599040709401127e+00 -5.385631031167959826e+00 6.367410306217244909e+00 0.000000000000000000e+00 0.000000000000000000e+00 0.000000000000000000e+00
1.000000000000000000e+00 3.141531625268541017e-01 -1.104735881373524853e+00 1.437354313838823838e+00 0.000000000000000000e+00 0.000000000000000000e+00 0.000000000000000000e+00
1.000000000000000000e+00 -4.379363496313967374e+00 4.868799249948272845e+00 -7.076970410059297834e+00 0.000000000000000000e+00 0.000000000000000000e+00 0.000000000000000000e+00
1.000000000000000000e+00 1.583624167661080051e+00 -2.846225168500845726e+00 -8.708272003020740115e+00 0.000000000000000000e+00 0.000000000000000000e+00 0.000000000000000000e+00
1.000000000000000000e+00 -4.647963847802514259e+00 2.196921489466606425e-01 -6.315874119134081255e+00 0.000000000000000000e+00 0.000000000000000000e+00 0.000000000000000000e+00
1.000000000000000000e+00 5.785599069439849806e+00 -5.845131061848301002e+00 3.348677359538029807e-02 0.000000000000000000e+00 0.000000000000000000e+00 0.000000000000000000e+00
1.000000000000000000e+00 -5.436565082740933086e+00 2.457954937233624459e+00 1.135878888583916169e+00 0.000000000000000000e+00 0.000000000000000000e+00 0.000000000000000000e+00
1.000000000000000000e+00 -3.586060664933318876e+00 2.713578879106267827e+00 7.874859275819502180e+00 0.000000000000000000e+00 0.000000000000000000e+00 0.000000000000000000e+00
1.000000000000000000e+00 -2.767257404009651367e+00 6.269036239583695824e+00 -4.025966587368903227e+00 0.000000000000000000e+00 0.000000000000000000e+00 0.000000000000000000e+00
1.000000000000000000e+00 -7.089967612863333102e+00 -2.334467684330855608e+00 1.209656957986565473e+00 0.000000000000000000e+00 0.000000000000000000e+00 0.000000000000000000e+00
1.000000000000000000e+00 5.892499438552765589e+00 -4.730663105545054314e+00 -4.604210186240581315e+00 0.000000000000000000e+00 0.000000000000000000e+00 0.000000000000000000e+00
1.000000000000000000e+00 6.457524905344401489e+00 4.667351151676546905e+00 -2.672112091370615339e+00 0.000000000000000000e+00 0.000000000000000000e+00 0.000000000000000000e+00
1.000000000000000000e+00 4.810125213987960002e+00 -1.715867516626318867e+00 6.642625376609971433e+00 0.000000000000000000e+00 0.000000000000000000e+00 0.000000000000000000e+00
1.000000000000000000e+00 -3.708939625987578204e+00 -1.397825105072503238e+00 4.680656515919294769e+00 0.000000000000000000e+00 0.000000000000000000e+00 0.000000000000000000e+00
1.000000000000000000e+00 1.418237484641328372e+00 1.673605819280286955e+00 -6.160369208558027054e+00 0.000000000000000000e+00 0.000000000000000000e+00 0.000000000000000000e+00
1.000000000000000000e+00 -4.881154043159654954e+00 -6.922785695429095831e+00 -1.888311080983394730e+00 0.000000000000000000e+00 0.000000000000000000e+00 0.000000000000000000e+00
1.000000000000000000e+00 4.326312104191465835e+00 -3.359660802234570642e+00 6.605096459785057661e+00 0.000000000000000000e+00 0.000000000000000000e+00 0.000000000000000000e+00
1.000000000000000000e+00 8.993561471170629318e+00 7.846680028085510905e-01 -3.012235281374785689e+00 0.000000000000000000e+00 0.000000000000000000e+00 0.000000000000000000e+00
1.000000000000000000e+00 1.658937168501376735e+00 3.846528926261591597e+00 4.193629145366445599e+00 0.000000000000000000e+00 0.000000000000000000e+00 0.000000000000000000e+00
1.000000000000000000e+00 -7.785989104888145773e-01 5.408546134055243648e+00 7.893725510230602538e+00 0.000000000000000000e+00 0.000000000000000000e+00 0.000000000000000000e+00
1.000000000000000000e+00 -2.199175747333220077e+00 -6.920310019393405732e+00 3.566995046886116238e+00 0.000000000000000000e+00 0.000000000000000000e+00 0.000000000000000000e+00
1.000000000000000000e+00 -2.799512452889579173e+00 7.139059421049361198e+00 5.863244446195709614e+00 0.000000000000000000e+00 0.000000000000000000e+00 0.000000000000000000e+00
1.000000000000000000e+00 4.590161707987490125e+00 -5.380467554255797813e-01 -6.547351534771764792e-01 0.000000000000000000e+00 0.000000000000000000e+00 0.000000000000000000e+00
1.000000000000000000e+00 -8.544395137948671559e-01 -1.517062740659683273e+00 -6.757716227535901510e+00 0.000000000000000000e+00 0.000000000000000000e+00 0.000000000000000000e+00
1.000000000000000000e+00 4.238911052165937221e+00 -4.247280040677356538e+00 7.972076427676193511e+00 0.000000000000000000e+00 0.000000000000000000e+00 0.000000000000000000e+00
1.000000000000000000e+00 -6.164330025154154846e+00 -2.561213914044660478e-01 7.152783601446502715e+00 0.000000000000000000e+00 0.000000000000000000e+00 0.000000000000000000e+00
1.000000000000000000e+00 3.994562068268261879e+00 -1.588777448850294816e+00 -5.212781522823318525e+00 0.000000000000000000e+00 0.000000000000000000e+00 0.000000000000000000e+00
1.000000000000000000e+00 7.649084098622076056e+00 5.806492771461736702e+00 1.721999701044340636e+00 0.000000000000000000e+00 0.000000000000000000e+00 0.000000000000000000e+00
1.000000000000000000e+00 2.814374927364147627e+00 7.702512100484415036e+00 1.531703355667313193e+00 0.000000000000000000e+00 0.000000000000000000e+00 0.000000000000000000e+00
1.000000000000000000e+00 -2.545355655282952156e+00 4.584984368119450870e+00 3.331840036597967458e+00 0.000000000000000000e+00 0.000000000000000000e+00 0.000000000000000000e+00
1.000000000000000000e+00 1.554862565090217030e-01 5.108355137914508681e+00 2.136500145384903515e+00 0.000000000000000000e+00 0.000000000000000000e+00 0.000000000000000000e+00
1.000000000000000000e+00 -5.372913112169226402e-01 -4.177716239256875852e+00 4.771111823753040326e+00 0.000000000000000000e+00 0.000000000000000000e+00 0.000000000000000000e+00
1.000000000000000000e+00 6.983586177790314764e+00 1.211368213751146561e+00 4.774518450882393239e+00 0.000000000000000000e+00 0.000000000000000000e+00 0.000000000000000000e+00
1.000000000000000000e+00 -3.871141938378900527e+00 7.793697280734761534e+00 -4.272600488273660346e+00 0.000000000000000000e+00 0.000000000000000000e+00 0.000000000000000000e+00
1.000000000000000000e+00 7.700309303250688631e-01 -9.279735673903015403e-02 4.738420308583990881e+00 0.000000000000000000e+00 0.000000000000000000e+00 0.000000000000000000e+00
1.000000000000000000e+00 -5.473010238755012580e+00 6.105533634027979772e+00 4.850255162320582514e+00 0.000000000000000000e+00 0.000000000000000000e+00 0.000000000000000000e+00
1.000000000000000000e+00 -5.776372655845451121e+00 -7.576163595808648843e+00 2.441981017890820560e+00 0.000000000000000000e+00 0.000000000000000000e+00 0.000000000000000000e+00
1.000000000000000000e+00 8.819205248206095638e-01 -4.780758707347330549e+00 -1.556838863980570808e+00 0.000000000000000000e+00 0.000000000000000000e+00 0.000000000000000000e+00
1.000000000000000000e+00 -2.783352540531180974e-01 -9.188975858662112861e-01 5.448375623787368838e+00 0.000000000000000000e+00 0.000000000000000000e+00 0.000000000000000000e+00
1.000000000000000000e+00 2.495242983368695544e+00 3.752066257109244241e+00 -1.868584299537351612e+00 0.000000000000000000e+00 0.000000000000000000e+00 0.000000000000000000e+00
1.000000000000000000e+00 -4.291604829616157968e-01 -4.471238344876481641e+00 -1.835689744819203995e+00 0.000000000000000000e+00 0.000000000000000000e+00 0.000000000000000000e+00
1.000000000000000000e+00 -2.063738379108559062e+00 5.189436921452936780e+00 -4.290618345380309506e+00 0.000000000000000000e+00 0.000000000000000000e+00 0.000000000000000000e+00
1.000000000000000000e+00 -1.089094602000985290e+00 -3.735713553947339616e+00 7.876335601803029718e+00 0.000000000000000000e+00 0.000000000000000000e+00 0.000000000000000000e+00
1.000000000000000000e+00 2.571220957150806008e+00 -7.797498252912952843e+00 3.174784911314067148e+00 0.000000000000000000e+00 0.000000000000000000e+00 0.000000000000000000e+00
1.000000000000000000e+00 -6.951436016865701006e+00 -3.857787811896335572e+00 -2.498211089149380726e+00 0.000000000000000000e+00 0.000000000000000000e+00 0.000000000000000000e+00
1.000000000000000000e+00 -3.561289676321845565e+00 -2.548473733903970029e+00 1.413984873883785465e+00 0.000000000000000000e+00 0.000000000000000000e+00 0.000000000000000000e+00
1.000000000000000000e+00 2.446085742489978010e+00 5.631420215149355535e+00 -6.532182970454910809e+00 0.000000000000000000e+00 0.000000000000000000e+00 0.000000000000000000e+00
1.000000000000000000e+00 8.299943546071519407e+00 -1.826243220327409933e+00 3.264730384512506856e+00 0.000000000000000000e+00 0.000000000000000000e+00 0.000000000000000000e+00
1.000000000000000000e+00 4.702401393985167211e+00 -5.189652576168272802e+00 7.935134628949314095e-01 0.000000000000000000e+00 0.000000000000000000e+00 0.000000000000000000e+00
1.000000000000000000e+00 -3.798090419658453065e+00 4.310660548660336211e+00 6.122184352670894114e+00 0.000000000000000000e+00 0.000000000000000000e+00 0.000000000000000000e+00
1.000000000000000000e+00 5.383926881847868051e-01 4.240171628879386034e+00 -5.122903785652622943e+00 0.000000000000000000e+00 0.000000000000000000e+00 0.000000000000000000e+00
1.000000000000000000e+00 2.066590452057345040e+00 2.266648202749721008e+00 4.958696712965910969e+00 0.000000000000000000e+00 0.000000000000000000e+00 0.000000000000000000e+00
1.000000000000000000e+00 4.218760166648380938e+00 8.600474917644104766e-02 -2.792776834709560951e+00 0.000000000000000000e+00 0.000000000000000000e+00 0.000000000000000000e+00
1.000000000000000000e+00 -6.641193391061632312e+00 4.303312730635844297e+00 -5.685647904323205104e+00 0.000000000000000000e+00 0.000000000000000000e+00 0.000000000000000000e+00
1.000000000000000000e+00 -3.763074766405380078e+00 -6.266239502721977495e+00 -2.517337242619298032e-01 0.000000000000000000e+00 0.000000000000000000e+00 0.000000000000000000e+00
1.000000000000000000e+00 -2.694251373562338570e-01 -4.971068432022139660e+00 2.809801766917316979e+00 0.000000000000000000e+00 0.000000000000000000e+00 0.000000000000000000e+00
1.000000000000000000e+00 -5.465663071956518237e+00 7.350406610656907702e+00 2.835154340837765741e+00 0.000000000000000000e+00 0.000000000000000000e+00 0.000000000000000000e+00
1.000000000000000000e+00 -5.335936653889245207e+00 6.732932825794200937e+00 -4.756970325134943778e+00 0.000000000000000000e+00 0.000000000000000000e+00 0.000000000000000000e+00
1.000000000000000000e+00 2.790656204318625377e+00 -5.472982502051613629e+00 -4.650294252558334840e+00 0.000000000000000000e+00 0.000000000000000000e+00 0.000000000000000000e+00
1.000000000000000000e+00 5.828793011835187166e-01 6.239942624284217310e+00 -3.087782615607563841e+00 0.000000000000000000e+00 0.000000000000000000e+00 0.000000000000000000e+00
1.000000000000000000e+00 -1.644168666722832128e+00 -7.300544177479426189e+00 6.047019239829612758e+00 0.000000000000000000e+00 0.000000000000000000e+00 0.000000000000000000e+00
1.000000000000000000e+00 6.563735879071281865e+00 3.147016745115892355e+00 -4.069466131661029884e+00 0.000000000000000000e+00 0.000000000000000000e+00 0.000000000000000000e+00
1.000000000000000000e+00 -4.956323141566834956e+00 6.382247456323371371e-02 4.617219642690591819e+00 0.000000000000000000e+00 0.000000000000000000e+00 0.000000000000000000e+00
1.000000000000000000e+00 -6.204513769987278771e+00 1.974128860811698027e+00 2.546996171891724003e+00 0.000000000000000000e+00 0.000000000000000000e+00 0.000000000000000000e+00
1.000000000000000000e+00 4.418996444711972060e+00 7.839879177990642489e+00 -2.844630394199056944e+00 0.000000000000000000e+00 0.000000000000000000e+00 0.000000000000000000e+00
1.000000000000000000e+00 1.662172508966538897e+00 3.927512418872951105e+00 -4.704312561075547627e+00 0.000000000000000000e+00 0.000000000000000000e+00 0.000000000000000000e+00
1.000000000000000000e+00 -6.988413650865368254e+00 2.686328995421416010e+00 5.580660425373598521e+00 0.000000000000000000e+00 0.000000000000000000e+00 0.000000000000000000e+00
1.000000000000000000e+00 -2.380817133040802780e+00 1.045945901349419005e+00 5.187368539411524537e+00 0.000000000000000000e+00 0.000000000000000000e+00 0.000000000000000000e+00
1.000000000000000000e+00 3.910748200114923190e+00 -5.984957047657209372e+00 -2.417522224080675297e+00 0.000000000000000000e+00 0.000000000000000000e+00 0.000000000000000000e+00
1.000000000000000000e+00 -1.507657770734972980e+00 -3.414709156019861691e-01 -9.702151193054575629e+00 0.000000000000000000e+00 0.000000000000000000e+00 0.000000000000000000e+00
1.000000000000000000e+00 6.160908249235106382e+00 4.561759150429651188e-01 -1.082872726762271087e+00 0.000000000000000000e+00 0.000000000000000000e+00 0.000000000000000000e+00
1.000000000000000000e+00 7.010581950355270209e-01 6.907351657461696881e+00 1.106938824342058814e+00 0.000000000000000000e+00 0.000000000000000000e+00 0.000000000000000000e+00
