2
0.01674979270186815
50 -2.225897414701173e-07 2.233416481104818e-08 0 -2.666665128209256e-05 2.680200299840743e-06 0
1 -24.7487419799849 2.499998883291759 0 15.0013333325641 -0.0001340100149920372 0
2
0.03333141625341208
50 -8.872927227677851e-07 8.933073819916169e-08 0 -5.35960945745304e-05 5.414290609729711e-06 0
1 -24.49998439156268 2.49999553346309 0 15.00267980472873 -0.0002707145304864855 0
2
0.03333141625341208
50 -8.872927227677851e-07 8.933073819916169e-08 0 -5.35960945745304e-05 5.414290609729711e-06 0
1 -24.49998439156268 2.49999553346309 0 15.00267980472873 -0.0002707145304864855 0
2
0.04974656101264423
50 -1.989543008934417e-06 2.009840281997386e-07 0 -8.079081117087422e-05 8.203343719503381e-06 0
1 -24.25370210765989 2.49998995079859 0 15.00403954055854 -0.000410167185975169 0
2
0.06599690066716707
50 -3.524818945168181e-06 3.572926079417836e-07 0 -0.0001082533029920791 1.104845344180422e-05 0
1 -24.00987024904523 2.499982135369603 0 15.0054126651496 -0.0005524226720902107 0
2
0.06599690066716707
50 -3.524818945168181e-06 3.572926079417836e-07 0 -0.0001082533029920791 1.104845344180422e-05 0
1 -24.00987024904523 2.499982135369603 0 15.0054126651496 -0.0005524226720902107 0
2
0.082084092254121
50 -5.488642701962258e-06 5.582593107538863e-07 0 -0.0001359860924303552 1.395073498676929e-05 0
1 -23.76846418405308 2.499972087034462 0 15.00679930462152 -0.0006975367493384646 0
2
0.082084092254121
50 -5.488642701962258e-06 5.582593107538863e-07 0 -0.0001359860924303552 1.395073498676929e-05 0
1 -23.76846418405308 2.499972087034462 0 15.00679930462152 -0.0006975367493384646 0
2
0.09800977632749221
50 -7.876579824719559e-06 8.038912256123224e-07 0 -0.0001639917224242354 1.691132536722607e-05 0
1 -23.52945952609638 2.49995980543872 0 15.00819958612121 -0.0008455662683613032 0
2
0.1137755771237544
50 -1.068423878779276e-05 1.094199692928947e-06 0 -0.0001922727565307813 1.993138381105845e-05 0
1 -23.29283213120429 2.499945290015354 0 15.00961363782654 -0.0009965691905529225 0
2
0.1137755771237544
50 -1.068423878779276e-05 1.094199692928947e-06 0 -0.0001922727565307813 1.993138381105845e-05 0
1 -23.29283213120429 2.499945290015354 0 15.00961363782654 -0.0009965691905529225 0
2
0.129383102725861
50 -1.390727055290562e-05 1.429200300676902e-06 0 -0.0002208317789948043 2.301209218085057e-05 0
1 -23.05855809558444 2.499928539984966 0 15.01104158894974 -0.001150604609042529 0
2
0.1448339452256037
50 -1.754136813191203e-05 1.808912880852157e-06 0 -0.0002496713948149679 2.615465540091633e-05 0
1 -22.82661375320934 2.499909554355958 0 15.01248356974075 -0.001307732770045817 0
2
0.1448339452256037
50 -1.754136813191203e-05 1.808912880852157e-06 0 -0.0002496713948149679 2.615465540091633e-05 0
1 -22.82661375320934 2.499909554355958 0 15.01248356974075 -0.001307732770045817 0
2
0.1601296808843557
50 -2.158226615384972e-05 2.233361506268937e-06 0 -0.0002787942298066387 2.936030189182375e-05 0
1 -22.59697567342697 2.499888331924687 0 15.01393971149033 -0.001468015094591188 0
2
0.1601296808843557
50 -2.158226615384972e-05 2.233361506268937e-06 0 -0.0002787942298066387 2.936030189182375e-05 0
1 -22.59697567342697 2.499888331924687 0 15.01393971149033 -0.001468015094591188 0
2
0.1752718702922123
50 -2.602574043624586e-05 2.702574487687076e-06 0 -0.0003082029306613486 3.263028401252374e-05 0
1 -22.369620658595 2.499864871275616 0 15.01541014653307 -0.001631514200626187 0
2
0.1902620585255491
50 -3.086760756063257e-05 3.216584371269365e-06 0 -0.0003379001650027228 3.596587851019374e-05 0
1 -22.14452574173873 2.499839170781437 0 15.01689500825014 -0.001798293925509687 0
2
0.1902620585255491
50 -3.086760756063257e-05 3.216584371269365e-06 0 -0.0003379001650027228 3.596587851019374e-05 0
1 -22.14452574173873 2.499839170781437 0 15.01689500825014 -0.001798293925509687 0
2
0.2051017753030106
50 -3.610372445223035e-05 3.775427936366964e-06 0 -0.0003678886214387308 3.936838697790719e-05 0
1 -21.92166818423223 2.499811228603182 0 15.01839443107194 -0.00196841934889536 0
2
0.2197925351399459
50 -4.172998796375836e-05 4.379146193630958e-06 0 -0.0003981710096101068 4.283913632024063e-05 0
1 -21.70102547350262 2.499781042690319 0 15.0199085504805 -0.002141956816012031 0
2
0.2343358375013075
50 -4.774233446333058e-05 5.027784383448148e-06 0 -0.0004287500602347848 4.637947922693043e-05 0
1 -21.48257532075722 2.499748610780828 0 15.02143750301174 -0.002318973961346522 0
2
0.2343358375013075
50 -4.774233446333058e-05 5.027784383448148e-06 0 -0.0004287500602347848 4.637947922693043e-05 0
1 -21.48257532075722 2.499748610780828 0 15.02143750301174 -0.002318973961346522 0
2
0.2487331669530282
50 -5.413673942639749e-05 5.721391974699184e-06 0 -0.0004596285251481897 4.999079465469224e-05 0
1 -21.26629565873325 2.499713930401266 0 15.02298142625741 -0.002499539732734612 0
2
0.2629859933118912
50 -6.090921703169316e-05 6.46002266383714e-06 0 -0.0004908091773392185 5.367448831731611e-05 0
1 -21.05216463947005 2.499676998866809 0 15.02454045886696 -0.002683724415865806 0
2
0.2629859933118912
50 -6.090921703169316e-05 6.46002266383714e-06 0 -0.0004908091773392185 5.367448831731611e-05 0
1 -21.05216463947005 2.499676998866809 0 15.02454045886696 -0.002683724415865806 0
2
0.2770957717939085
50 -6.805581976114851e-05 7.243734374284651e-06 0 -0.0005222948109817433 5.743199318415112e-05 0
1 -20.84016063210331 2.499637813281286 0 15.02611474054908 -0.002871599659207557 0
2
0.2910639431612237
50 -7.557263800373123e-05 8.07258925614774e-06 0 -0.000554088241461462 6.126476998709355e-05 0
1 -20.63026222068146 2.499596370537193 0 15.02770441207307 -0.003063238499354678 0
2
0.2910639431612237
50 -7.557263800373123e-05 8.07258925614774e-06 0 -0.000554088241461462 6.126476998709355e-05 0
1 -20.63026222068146 2.499596370537193 0 15.02770441207307 -0.003063238499354678 0
2
0.3048919338675523
50 -8.345579966317405e-05 8.946653686244473e-06 0 -0.0005861923053979174 6.517430773619279e-05 0
1 -20.42244820200355 2.499552667315688 0 15.02930961526989 -0.00325871538680964 0
2
0.3185811562021746
50 -9.170146976955284e-05 9.865998268446575e-06 0 -0.0006186098606615007 6.91621242439898e-05 0
1 -20.2166975834789 2.499506700086578 0 15.03093049303307 -0.00345810621219949 0
2
0.332133008432497
50 -0.0001003058500946768 1.083069783433217e-05 0 -0.0006513437863852507 7.322976665870264e-05 0
1 -20.01298958100781 2.499458465108284 0 15.03256718931926 -0.003661488332935133 0
2
0.332133008432497
50 -0.0001003058500946768 1.083069783433217e-05 0 -0.0006513437863852507 7.322976665870264e-05 0
1 -20.01298958100781 2.499458465108284 0 15.03256718931926 -0.003661488332935133 0
2
0.3455488749451948
50 -0.0001092651787712532 1.184083144414776e-05 0 -0.0006843969829712531 7.73788120063742e-05 0
1 -19.81130361688351 2.499407958427793 0 15.03421984914856 -0.00386894060031871 0
2
0.3588301263859502
50 -0.0001185757299157899 1.28964823880777e-05 0 -0.00071777237209144 8.16108677420967e-05 0
1 -19.61161931771495 2.499355175880597 0 15.03588861860457 -0.004080543387104835 0
2
0.3719781197978018
50 -0.000128233813255199 1.399773818781924e-05 0 -0.0007514728966825855 8.592757231042817e-05 0
1 -19.41391651237021 2.49930011309061 0 15.03757364483413 -0.004296378615521409 0
2
0.3719781197978018
50 -0.000128233813255199 1.399773818781924e-05 0 -0.0007514728966825855 8.592757231042817e-05 0
1 -19.41391651237021 2.49930011309061 0 15.03757364483413 -0.004296378615521409 0
2
0.3849941987581171
50 -0.0001382357737570647 1.514469059846133e-05 0 -0.0007855015209352835 9.033059571511538e-05 0
1 -19.21817522994039 2.499242765470078 0 15.03927507604676 -0.00451652978575577 0
2
0.3978796935142032
50 -0.0001485779912635409 1.633743561066547e-05 0 -0.0008198612302766921 9.482164009823774e-05 0
1 -19.02437569772377 2.499183128219467 0 15.04099306151383 -0.004741082004911887 0
2
0.4106359211175693
50 -0.0001592568801288422 1.757607345314661e-05 0 -0.0008545550313468214 9.940244032888648e-05 0
1 -18.83249833923001 2.499121196327343 0 15.04272775156734 -0.004970122016444325 0
2
0.4106359211175693
50 -0.0001592568801288422 1.757607345314661e-05 0 -0.0008545550313468214 9.940244032888648e-05 0
1 -18.83249833923001 2.499121196327343 0 15.04272775156734 -0.004970122016444325 0
2
0.4232641855568535
50 -0.000170268888860293 1.886070859545256e-05 0 -0.0008895859519681346 0.0001040747646014928 0
1 -18.64252377220418 2.499056964570228 0 15.04447929759841 -0.005203738230074641 0
2
0.4357657778894289
50 -0.0001816104997629016 2.01914497510398e-05 0 -0.0009249570411082272 0.0001088404150439182 0
1 -18.45443280667041 2.498990427512449 0 15.04624785205541 -0.005442020752195913 0
2
0.4481419763717008
50 -0.0001932782285874233 2.156840988064416e-05 0 -0.000960671368835343 0.00011370122833542 0
1 -18.26820644299511 2.498921579505969 0 15.04803356844177 -0.005685061416771001 0
2
0.4603940465881088
50 -0.0002052686241818798 2.299170619594445e-05 0 -0.0009967320262664764 0.0001186590763346032 0
1 -18.08382586996927 2.498850414690204 0 15.04983660131332 -0.005932953816730161 0
2
0.4603940465881088
50 -0.0002052686241818798 2.299170619594445e-05 0 -0.0009967320262664764 0.0001186590763346032 0
1 -18.08382586996927 2.498850414690204 0 15.04983660131332 -0.005932953816730161 0
2
0.472523241578847
50 -0.0002175782681465012 2.446146016351735e-05 0 -0.001033142125507809 0.0001237158667174708 0
1 -17.90127246290997 2.498776926991825 0 15.05165710627539 -0.006185793335873544 0
2
0.4845308019663143
50 -0.0002302037744920571 2.597779750908165e-05 0 -0.001069904799587216 0.0001288735436256821 0
1 -17.72052778178068 2.498701110124547 0 15.05349523997936 -0.006443677181284109 0
2
0.4964179560803088
50 -0.0002431417893015454 2.75408482220302e-05 0 -0.001107023202378572 0.0001341340883251276 0
1 -17.54157356933029 2.4986229575889 0 15.05535116011893 -0.006706704416256384 0
2
0.5081859200819776
50 -0.0002563889903952047 2.915074656024782e-05 0 -0.001144500508517587 0.0001394995198749294 0
1 -17.36439174925057 2.498542462671989 0 15.05722502542588 -0.006974975993746474 0
2
0.5198358980865353
50 -0.0002699420869988196 3.080763105521328e-05 0 -0.00118233991330888 0.0001449718958069726 0
1 -17.18896442435203 2.498459618447241 0 15.05911699566544 -0.007248594790348633 0
2
0.5313690822847633
50 -0.0002837978194152878 3.251164451738371e-05 0 -0.001220544632624006 0.000150553312816073 0
1 -17.01527387475778 2.498374417774132 0 15.0610272316312 -0.007527665640803651 0
2
0.5313690822847633
50 -0.0002837978194152878 3.251164451738371e-05 0 -0.001220544632624006 0.000150553312816073 0
1 -17.01527387475778 2.498374417774132 0 15.0610272316312 -0.007527665640803651 0
2
0.5427866530633022
50 -0.0002979529586994157 3.426293404185973e-05 0 -0.001259117902790137 0.0001562459074608842 0
1 -16.84330255611549 2.498286853297909 0 15.0629558951395 -0.007812295373044212 0
2
0.5540897791237496
50 -0.0003124043063359148 3.606165101432943e-05 0 -0.001298062980469087 0.0001620518568756459 0
1 -16.67303309782695 2.498196917449285 0 15.06490314902345 -0.008102592843782296 0
2
0.5652796176005741
50 -0.0003271486939205651 3.79079511172896e-05 0 -0.001337383142526375 0.000167973379492872 0
1 -16.50444830129535 2.498104602444137 0 15.06686915712632 -0.008398668974643603 0
2
0.5763573141778597
50 -0.0003421829828445185 3.980199433654238e-05 0 -0.001377081685889992 0.0001740127357770769 0
1 -16.33753113818987 2.498009900283175 0 15.0688540842945 -0.008700636788853845 0
2
0.58732400320489
50 -0.00035750406398171 4.174394496796577e-05 0 -0.001417161927398559 0.0001801722289696333 0
1 -16.17226474872755 2.497912802751603 0 15.07085809636992 -0.009008611448481665 0
2
0.5981808078105847
50 -0.0003731088573793496 4.373397162455604e-05 0 -0.001457627203638517 0.000186454205844856 0
1 -16.00863243997225 2.497813301418774 0 15.07288136018192 -0.009322710292242801 0
2
0.6089288400168008
50 -0.0003889943119514636 4.577224724374065e-05 0 -0.00149848087077002 0.0001928610574773993 0
1 -15.8466176841504 2.497711387637815 0 15.0749240435385 -0.009643052873869965 0
2
0.6195692008505085
50 -0.0004051574051754586 4.78589490949597e-05 0 -0.001539726304341164 0.0001993952200210554 0
1 -15.68620411698359 2.497607052545253 0 15.07698631521706 -0.00996976100105277 0
2
0.6301029804548535
50 -0.0004215951427916788 4.999425878751438e-05 0 -0.001581366899090195 0.0002060591754990379 0
1 -15.5273755360376 2.497500287060626 0 15.07906834495451 -0.01030295877495189 0
2
0.6301029804548535
50 -0.0004215951427916788 4.999425878751438e-05 0 -0.001581366899090195 0.0002060591754990379 0
1 -15.5273755360376 2.497500287060626 0 15.07906834495451 -0.01030295877495189 0
2
0.6405312581991176
50 -0.0004383045585059291 5.21783622786808e-05 0 -0.001623406068735315 0.0002128554526058293 0
1 -15.37011589908792 2.497391081886067 0 15.08117030343676 -0.01064277263029147 0
2
0.650855102787588
50 -0.0004552827136949364 5.441144988208726e-05 0 -0.00166584724575171 0.0002197866275206705 0
1 -15.21440932250142 2.497279427505897 0 15.08329236228758 -0.01098933137603353 0
2
0.6610755723673457
50 -0.0004725266971147217 5.669371627635365e-05 0 -0.001708693881135403 0.0002268553247327627 0
1 -15.06024007963406 2.497165314186183 0 15.08543469405677 -0.01134276623663814 0
2
0.6711937146349853
50 -0.0004900336246118563 5.902536051399107e-05 0 -0.001751949444153536 0.0002340642178782529 0
1 -14.90759259924461 2.497048731974301 0 15.08759747220768 -0.01170321089391265 0
2
0.6812105669422759
50 -0.0005078006388375754 6.140658603056021e-05 0 -0.001795617422080665 0.0002414160305890649 0
1 -14.75645146392396 2.496929670698472 0 15.08978087110403 -0.01207080152945325 0
2
0.6911271564007733
50 -0.0005258249089647228 6.383760065408656e-05 0 -0.001839701319920647 0.0002489135373536364 0
1 -14.60680140854015 2.496808119967296 0 15.09198506599603 -0.01244567686768182 0
2
0.7009444999853954
50 -0.0005441036304075013 6.631861661473137e-05 0 -0.001884204660113697 0.0002565595643896165 0
1 -14.45862731869868 2.496684069169264 0 15.09421023300569 -0.01282797821948083 0
2
0.7106636046369705
50 -0.000562634024544003 6.884985055471614e-05 0 -0.001929130982228157 0.0002643569905285723 0
1 -14.31191422921823 2.496557507472265 0 15.09645654911141 -0.01321784952642862 0
2
0.7202854673637679
50 -0.0005814133384414937 7.143152353849951e-05 0 -0.001974483842636545 0.0002723087481127498 0
1 -14.16664732262139 2.496428423823076 0 15.09872419213183 -0.0136154374056375 0
2
0.7392414060154633
50 -0.0006197078406051686 7.674709306929622e-05 0 -0.00206648348578852 0.0002886872600043816 0
1 -13.88039351773778 2.496162645346536 0 15.10332417428943 -0.01443436300021909 0
2
0.7485774271938536
50 -0.0006392176490173882 7.948145395150373e-05 0 -0.002113137462152916 0.0002971201547900277 0
1 -13.73937770964131 2.496025927302425 0 15.10565687310765 -0.01485600773950139 0
2
0.7578200971505568
50 -0.0006589656169521267 8.226718256999241e-05 0 -0.002160232363287314 0.000305719663855692 0
1 -13.59975026189403 2.495886640871501 0 15.10801161816437 -0.01528598319278461 0
2
0.7669703647191337
50 -0.0006789491158964842 8.51045222617775e-05 0 -0.002207771824142365 0.0003144890009725882 0
1 -13.46149707341815 2.495744773886912 0 15.11038859120712 -0.01572445004862941 0
2
0.7760291693889834
50 -0.000699165541434923 8.799372085238185e-05 0 -0.002255759494172263 0.0003234314390579635 0
1 -13.32460418209349 2.495600313957381 0 15.11278797470862 -0.01617157195289818 0
2
0.7849974414000358
50 -0.0007196123129931575 9.093503066773517e-05 0 -0.002304199036887152 0.0003325503111569246 0
1 -13.18905776334979 2.495453248466614 0 15.11520995184436 -0.01662751555784623 0
2
0.7938761018365073
50 -0.00074028687358461 9.392870854631313e-05 0 -0.00235309412938582 0.0003418490114364262 0
1 -13.05484412877315 2.495303564572685 0 15.11765470646929 -0.01709245057182131 0
2
0.8026660627197267
50 -0.0007611866895594078 9.697501585151537e-05 0 -0.002402448461868105 0.0003513309961914019 0
1 -12.92194972472611 2.495151249207425 0 15.12012242309341 -0.0175665498095701 0
2
0.8113682271000425
50 -0.0007823092503559028 0.0001000742184842804 0 -0.002452265737126467 0.0003609997848630058 0
1 -12.79036113098155 2.494996289075786 0 15.12261328685633 -0.01804998924315029 0
2
0.8285127342435346
50 -0.0008252126781350996 0.0001064323961012883 0 -0.002553303986903325 0.0003809121736457079 0
1 -12.53104835244021 2.494678380194936 0 15.12766519934517 -0.01904560868228539 0
2
0.8369568390669808
50 -0.0008469886372341589 0.0001096919256919325 0 -0.002604532425090682 0.0003911631377030573 0
1 -12.40329798213356 2.494515403715404 0 15.13022662125454 -0.01955815688515287 0
2
0.8453166716855883
50 -0.0008689775249079729 0.0001130054598498116 0 -0.002656238732219757 0.0004016156356899987 0
1 -12.27680104847076 2.49434972700751 0 15.13281193661099 -0.02008078178449994 0
2
0.8535930916418707
50 -0.0008911769423955341 0.000116373287360993 0 -0.002708426665649472 0.0004122735184728556 0
1 -12.15154477825215 2.494181335631951 0 15.13542133328248 -0.02061367592364279 0
2
0.8617869500400063
50 -0.0009135845125849238 0.0001197957016296799 0 -0.002761099991810196 0.0004231407064249258 0
1 -12.02751652377064 2.494010214918517 0 15.13805499959051 -0.02115703532124629 0
2
0.8779303449003749
50 -0.0009590147094807787 0.000126805487232721 0 -0.002867917929351303 0.0004455190334838623 0
1 -11.78309409102032 2.493659725638365 0 15.14339589646757 -0.02227595167419312 0
2
0.8858815421465778
50 -0.000982032688137814 0.0001303934685954419 0 -0.002922070112780687 0.0004570383708408499 0
1 -11.66267523339443 2.493480326570229 0 15.14610350563904 -0.02285191854204249 0
2
0.893753499569816
50 -0.001005249522946681 0.0001340372568020093 0 -0.00297672283156543 0.0004687834121266291 0
1 -11.54343503030541 2.493298137159901 0 15.14883614157828 -0.02343917060633146 0
2
0.9015470273516245
50 -0.001028662941616424 0.0001377371685654077 0 -0.003031879886901828 0.0004807584419957147 0
1 -11.4253614426448 2.49311314157173 0 15.1515939943451 -0.02403792209978574 0
2
0.9169019951151474
50 -0.001076070542634801 0.0001453066531649724 0 -0.003143722234403604 0.0005054159886881721 0
1 -11.19266654614104 2.492734667341752 0 15.15718611172019 -0.0252707994344086 0
2
0.9244650160994727
50 -0.001100060281011174 0.0001491768830244194 0 -0.003200415148812383 0.0005181074609205493 0
1 -11.07802174445734 2.49254115584878 0 15.16002075744063 -0.02590537304602746 0
2
0.9319527696067265
50 -0.001124237714875502 0.0001531045505190903 0 -0.003257627642496889 0.0005310468349207719 0
1 -10.96449657015531 2.492344772474046 0 15.16288138212485 -0.02655234174603859 0
2
0.9467055518433793
50 -0.00117314699643189 0.000161133564824333 0 -0.003373626630880087 0.000557688081863358 0
1 -10.7407593725277 2.491943321758784 0 15.16868133154401 -0.02788440409316789 0
2
0.9539721006247125
50 -0.001197874555674432 0.0001652356068243886 0 -0.003432420756572379 0.0005713995584029655 0
1 -10.63052476284558 2.491738219658781 0 15.17162103782863 -0.02856997792014826 0
2
0.9611664221857804
50 -0.00122278123309506 0.000169396476872216 0 -0.003491749721506592 0.0005853781463486379 0
1 -10.52136460555853 2.49153017615639 0 15.17458748607534 -0.02926890731743188 0
2
0.9753413427853979
50 -0.001273123571780264 0.000177896144586478 0 -0.003612027406235833 0.0006141567999667247 0
1 -10.30622367963001 2.491105192770677 0 15.1806013703118 -0.03070783999833623 0
2
0.9823234033725247
50 -0.001298555093544102 0.0001822356761458652 0 -0.003672983733406399 0.0006289671565114158 0
1 -10.20022119473491 2.490888216192707 0 15.18364918667033 -0.03144835782557078 0
2
0.9960803257015796
50 -0.001349928628632001 0.0001910960060532194 0 -0.003796550330055126 0.000659456326800236 0
1 -9.991298683044695 2.49044519969734 0 15.18982751650276 -0.03297281634001179 0
2
1.002856606663176
50 -0.001375866610017234 0.0001956175676910014 0 -0.003859168165235147 0.0006751459731724233 0
1 -9.888357569551484 2.490219121615451 0 15.19295840826176 -0.03375729865862116 0
2
1.016208304554755
50 -0.001428235051770556 0.0002048454296194123 0 -0.00398609174990345 0.000707443169096526 0
1 -9.685463679090141 2.48975772851903 0 15.19930458749518 -0.0353721584548263 0
2
1.022785099659665
50 -0.001454661584329878 0.0002095525229261636 0 -0.004050405000586959 0.0007240621159958729 0
1 -9.585490425888523 2.489522373853692 0 15.20252025002935 -0.03620310579979365 0
2
1.035743977519101
50 -0.001507989580255255 0.0002191550542481224 0 -0.004180753067334632 0.0007582699291900887 0
1 -9.38844085820072 2.489042247287594 0 15.20903765336674 -0.03791349645950444 0
2
1.042127398650346
50 -0.001534887216620806 0.0002240513153468476 0 -0.00424679529503325 0.000775870780808453 0
1 -9.291344659413763 2.488797434232658 0 15.21233976475167 -0.03879353904042266 0
2
1.054705502674754
50 -0.001589140321571177 0.0002340359240491989 0 -0.004380634530293484 0.0008120970948252771 0
1 -9.099960443800118 2.488298203797541 0 15.21903172651468 -0.04060485474126387 0
2
1.060901485356445
50 -0.001616492060749874 0.0002391251251565224 0 -0.004448438832504919 0.0008307351539787545 0
1 -9.005653116615825 2.488043743742174 0 15.22242194162525 -0.04153675769893774 0
2
1.073110514425591
50 -0.001671636707998221 0.0002494994930155971 0 -0.004585834868167488 0.0008690933553142391 0
1 -8.819760448216215 2.487525025349221 0 15.22929174340838 -0.04345466776571197 0
2
1.085079826182537
50 -0.001727357489693529 0.0002601381046528705 0 -0.004725637924163319 0.0009089386207481696 0
1 -8.637434732777253 2.486993094767357 0 15.23628189620817 -0.04544693103740849 0
2
1.090976139436245
50 -0.001755429454414555 0.0002655576299188674 0 -0.004796450893124492 0.0009294359191347685 0
1 -8.547586435735587 2.486722118504058 0 15.23982254465623 -0.04647179595673843 0
2
1.102595131128217
50 -0.001811987710355783 0.0002765994210558084 0 -0.004939917049389683 0.0009716148533182693 0
1 -8.37047364755894 2.48617002894721 0 15.24699585246949 -0.04858074266591347 0
2
1.113986608529261
50 -0.001869086812388221 0.0002879146632678516 0 -0.005085859529714734 0.001015420903047233 0
1 -8.19674653144167 2.485604266836608 0 15.25429297648575 -0.05077104515236164 0
2
1.125155289570219
50 -0.001926713056377067 0.0002995071870209737 0 -0.005234305021989975 0.001060913288504541 0
1 -8.026335003627848 2.485024640648952 0 15.26171525109951 -0.05304566442522708 0
2
1.130657531027557
50 -0.001955719636409933 0.0003054086498237227 0 -0.005309474549830286 0.001084310878996503 0
1 -7.942351052766144 2.484729567508815 0 15.26547372749152 -0.05421554394982514 0
2
1.141500666312425
50 -0.002014111394482288 0.0003174244649947365 0 -0.005461723061765991 0.001132447950049918 0
1 -7.776784435589495 2.484128776750264 0 15.27308615308831 -0.05662239750249588 0
2
1.152132408422132
50 -0.002072997019135055 0.0003297275130505374 0 -0.00561653810657801 0.001182427760779198 0
1 -7.614364022711253 2.483513624347474 0 15.28082690532891 -0.05912138803895991 0
2
1.162557166770301
50 -0.002132363581821754 0.0003423219265650188 0 -0.005773943611141922 0.001234316317144248 0
1 -7.455024319354392 2.48288390367175 0 15.28869718055711 -0.06171581585721239 0
2
1.172779266660598
50 -0.002192198365218138 0.0003552119261464652 0 -0.005933962532062113 0.00128818165008606 0
1 -7.298701081830117 2.482239403692677 0 15.29669812660312 -0.06440908250430297 0
2
1.182802951017268
50 -0.002252488858820571 0.0003684018212318943 0 -0.006096616767458028 0.001344093851629385 0
1 -7.145331291799941 2.481579908938406 0 15.30483083837291 -0.06720469258146922 0
2
1.192632382081862
50 -0.002313222754656948 0.0003818960108992034 0 -0.006261927064417337 0.001402125109441937 0
1 -6.994853131039222 2.48090519945504 0 15.31309635322088 -0.07010625547209683 0
2
1.202271643076831
50 -0.002374387943109266 0.0003956989846978284 0 -0.006429912922002364 0.001462349739616618 0
1 -6.847205956692061 2.480215050765109 0 15.32149564610013 -0.07311748698083087 0
2
1.211724739836667
50 -0.002435972508847003 0.0004098153234987011 0 -0.006600592489701586 0.001524844217426971 0
1 -6.702330277007645 2.479509233825065 0 15.33002962448509 -0.07624221087134855 0
2
1.220995602407211
50 -0.002497964726870454 0.0004242497003643736 0 -0.006773982461224655 0.001589687205789212 0
1 -6.560167727548302 2.478787514981782 0 15.33869912306125 -0.07948436028946057 0
2
1.230088086613807
50 -0.002560353058663257 0.000439006881440266 0 -0.006950097963547255 0.001656959581146731 0
1 -6.420661047859731 2.478049655927987 0 15.34750489817738 -0.08284797905733654 0
2
1.243400609612764
50 -0.002654653477991882 0.0004617585684403997 0 -0.00721941050735238 0.001762605670929902 0
1 -6.216258181908942 2.47691207157798 0 15.36097052536763 -0.08813028354649506 0
2
1.252063543866797
50 -0.002717982803548159 0.0004773442310900069 0 -0.00740239467737727 0.001836320073333198 0
1 -6.08314770182063 2.4761327884455 0 15.37011973386888 -0.09181600366665987 0
2
1.260561032589665
50 -0.002781669273610022 0.0004932701258878011 0 -0.007588143268416289 0.001912764664148059 0
1 -5.95250104747452 2.47533649370561 0 15.37940716342083 -0.0956382332074029 0
2
1.273004781883421
50 -0.002877845167828069 0.0005178082979599885 0 -0.007871963206005445 0.002032750502738419 0
1 -5.761036013357275 2.474109585102001 0 15.39359816030029 -0.1016375251369209 0
2
1.281104001905949
50 -0.002942377858848381 0.0005346077241308307 0 -0.008064646609867342 0.002116424029160012 0
1 -5.636321078468335 2.473269613793458 0 15.40323233049338 -0.1058212014580006 0
2
1.292966357222631
50 -0.003039774207420716 0.0005604814425668264 0 -0.0083588784492599 0.002247700796416298 0
1 -5.453515931289498 2.471975927871659 0 15.41794392246301 -0.1123850398208149 0
2
1.300688422834136
50 -0.003105088537160306 0.0005781884325219296 0 -0.008558500249368226 0.002339208309059571 0
1 -5.334419230629944 2.471090578373903 0 15.42792501246843 -0.1169604154529785 0
2
1.312000322992334
50 -0.003203610331256573 0.0006054499333553604 0 -0.008863118183080833 0.002482710333779876 0
1 -5.159814638552151 2.469727503332231 0 15.44315590915406 -0.1241355166889938 0
2
1.322996211254663
50 -0.003302763295758778 0.0006335701827710908 0 -0.009173926998868376 0.002634017993655693 0
1 -4.989918666392117 2.468321490861445 0 15.45869634994343 -0.1317008996827847 0
2
1.330156357898341
50 -0.003369200015756799 0.0006528040575445823 0 -0.009384547966002962 0.002739406760382101 0
1 -4.879194630737036 2.46735979712277 0 15.46922739830016 -0.1369703380191051 0
2
1.340648391864543
50 -0.003469333851067694 0.0006824007413419788 0 -0.009705553539039872 0.002904543540090676 0
1 -4.716807429478465 2.4658799629329 0 15.48527767695201 -0.1452271770045338 0
2
1.350851357027616
50 -0.003570014746579121 0.0007129112936737574 0 -0.01003257430351415 0.003078486938555469 0
1 -4.558728907256789 2.464354435316312 0 15.50162871517573 -0.1539243469277735 0
2
1.360774857144445
50 -0.003671212470281405 0.0007443574077258667 0 -0.01036550859065172 0.003261631114463406 0
1 -4.404816519319243 2.462782129613707 0 15.51827542953261 -0.1630815557231703 0
2
1.370428236693282
50 -0.003772897479025537 0.0007767613523841806 0 -0.0107042329833685 0.003454379578154096 0
1 -4.254931575649488 2.461161932380791 0 15.53521164916844 -0.1727189789077048 0
2
1.382894903827647
50 -0.003909185687889407 0.0008214961626276025 0 -0.01116461534078832 0.003727030952895421 0
1 -4.061117158190814 2.458925191868619 0 15.55823076703943 -0.186351547644771 0
2
1.391952946691731
50 -0.004011896566108589 0.0008562249738866872 0 -0.01151623671648446 0.003943805258120024 0
1 -3.920110971318602 2.457188751305665 0 15.57581183582424 -0.1971902629060011 0
2
1.400770249079769
50 -0.004115001045545174 0.0008919901665934566 0 -0.01187306055762965 0.004171585735950007 0
1 -3.782696211526203 2.455400491670327 0 15.5936530278815 -0.2085792867975002 0
2
1.412166504615006
50 -0.004253039868111008 0.0009413323967045043 0 -0.01235650795546508 0.004493163607885163 0
1 -3.604850437369342 2.452933380164774 0 15.61782539777327 -0.2246581803942581 0
2
1.420454034171016
50 -0.004356959929876491 0.0009796138345767832 0 -0.01272450526586403 0.004748317148776362 0
1 -3.475341490940918 2.45101930827116 0 15.63622526329322 -0.2374158574388181 0
2
1.431172718918787
50 -0.004495993208612125 0.001032405750025754 0 -0.0132218005787982 0.005107984137278222 0
1 -3.307609555787575 2.448379712498712 0 15.66109002893993 -0.255399206863911 0
2
1.441529152273955
50 -0.004635513982045546 0.001087257051290748 0 -0.01372591825147255 0.005490846744712664 0
1 -3.145287016788382 2.445637147435462 0 15.68629591257364 -0.2745423372356331 0
2
1.451540698825598
50 -0.004775465851495853 0.001144234662919203 0 -0.01423592841381033 0.005897934906435776 0
1 -2.98811622504122 2.442788266854039 0 15.71179642069053 -0.2948967453217887 0
2
1.461224141236934
50 -0.004915794255918078 0.001203407879310919 0 -0.01475078587279152 0.006330258799000792 0
1 -2.83584816865008 2.439829606034454 0 15.73753929363959 -0.3165129399500395 0
2
1.470595706324872
50 -0.005056446446581925 0.001264848467358111 0 -0.01526932586100132 0.006788797886043381 0
1 -2.688242082797807 2.436757576632095 0 15.76346629305008 -0.339439894302169 0
2
1.481895448797038
50 -0.005232639544900975 0.001344951219788277 0 -0.0159207058528035 0.007400258709921467 0
1 -2.509936290799369 2.432752439010587 0 15.79603529264019 -0.3700129354960733 0
2
1.490621910050638
50 -0.005373836627757264 0.001411769379289603 0 -0.01644263293482874 0.007921120189813349 0
1 -2.371979517852559 2.42941153103552 0 15.82213164674145 -0.3960560094906674 0
2
1.501162259278926
50 -0.005550559113810312 0.001498844323634509 0 -0.01709349497815723 0.008613109537882342 0
1 -2.205038155125593 2.425057783818275 0 15.85467474890788 -0.4306554768941168 0
2
1.511319642624551
50 -0.005727450894730819 0.001590019789004632 0 -0.01773950745213005 0.009351801650753718 0
1 -2.043832815895185 2.420499010549769 0 15.88697537260652 -0.4675900825376856 0
2
1.521120522929769
50 -0.005904428089319689 0.001685467840194896 0 -0.01837703727131179 0.01013827517667101 0
1 -1.887970751587478 2.415726607990255 0 15.9188518635656 -0.5069137588335505 0
2
1.53059038600607
50 -0.006081410891473889 0.001785368980245972 0 -0.01900217582562138 0.01097329236292048 0
1 -1.737073665335249 2.410731550987702 0 15.95010879128109 -0.5486646181460242 0
2
1.541551814924819
50 -0.006293691182848721 0.001911395982951056 0 -0.01973011695523571 0.012039918404336 0
1 -1.562038216985276 2.404430200852448 0 15.9865058477618 -0.6019959202167997 0
2
1.550378734569174
50 -0.006470424916717234 0.002021774839981448 0 -0.02031306615020802 0.01298253365705983 0
1 -1.420797735626517 2.398911258000929 0 16.01565330751042 -0.6491266828529912 0
2
1.560635982982393
50 -0.006682204702744328 0.002160974071375409 0 -0.02097738140398504 0.01417731309650126 0
1 -1.256350020126889 2.39195129643123 0 16.04886907019927 -0.7088656548250628 0
2
1.570563532561697
50 -0.006893553079523657 0.002307898315174334 0 -0.02159565616798188 0.01543960518291469 0
1 -1.096869357598356 2.384605084241283 0 16.07978280839911 -0.7719802591457343 0
2
1.580198004832738
50 -0.00710436719435711 0.002462961157047512 0 -0.02215980275265805 0.01676629216590773 0
1 -0.9418115677910752 2.376851942147625 0 16.10799013763292 -0.8383146082953865 0
2
1.591114966507198
50 -0.007349513258571417 0.002654744916356653 0 -0.02273900355371801 0.01838967641705872 0
1 -0.7657998394634588 2.367262754182168 0 16.13695017768592 -0.919483820852936 0
2
1.60023442260764
50 -0.007558845976176504 0.002828997185682143 0 -0.0231591791364209 0.01983953673527393 0
1 -0.6185413620765684 2.358550140715894 0 16.15795895682107 -0.9919768367636964 0
2
1.6106428279099
50 -0.007802022700216795 0.003044519773127911 0 -0.02355077107428868 0.02158954749311759 0
1 -0.4502564463406526 2.347774011343605 0 16.17753855371446 -1.07947737465588 0
2
1.620851382432519
50 -0.008043950681587472 0.003274046371560603 0 -0.02382725688640253 0.0233904103470453 0
1 -0.2850317294328305 2.336297681421971 0 16.19136284432015 -1.169520517352265 0
2
1.630910256419654
50 -0.008284503951967975 0.003518525024382845 0 -0.02398120579073746 0.0252277443357938 0
1 -0.1221209561067796 2.324073748780859 0 16.1990602895369 -1.26138721678969 0
2
1.640868703442467
50 -0.00852355776947532 0.003778983961014924 0 -0.02400752960100228 0.02708587732208857 0
1 0.03920844011077799 2.311050801949255 0 16.20037648005015 -1.354293866104428 0
2
1.650775342717028
50 -0.008760985582102181 0.004056538350457933 0 -0.02390374547940854 0.02894832750780985 0
1 0.1996794198605321 2.297173082477105 0 16.19518727397046 -1.447416375390492 0
2
1.6606784409758
50 -0.008996655812636291 0.004352397228930366 0 -0.02367011717890193 0.03079834222313911 0
1 0.3600094052688136 2.282380138553483 0 16.18350585894513 -1.539917111156955 0
2
1.670626194035346
50 -0.009230428538881839 0.004667870579547379 0 -0.023309661683847 0.03261945862470447 0
1 0.5209143374742773 2.266606471022632 0 16.16548308419238 -1.630972931235223 0
2
1.68066700811534
50 -0.009462152147628895 0.005004376559559677 0 -0.02282801992842847 0.03439604829903333 0
1 0.6831127291115441 2.249781172022018 0 16.14140099642146 -1.719802414951666 0
2
1.6908497809545
50 -0.009691660039412539 0.005363448890621314 0 -0.02223320227407298 0.03611380937981799 0
1 0.8473297162881335 2.231827555468936 0 16.11166011370368 -1.805690468990899 0
2
1.70122418283773
50 -0.009918767453827731 0.005746744448262077 0 -0.02153523001830681 0.03776017540010709 0
1 1.01430111525734 2.212662777586897 0 16.07676150091537 -1.888008770005353 0
2
1.710307463674153
50 -0.01011136491010468 0.006095914732882564 0 -0.0208636247171851 0.03910648200270478 0
1 1.160180200617529 2.195204263355873 0 16.04318123585929 -1.955324100135238 0
2
1.721173326725119
50 -0.01033344990872676 0.006529044887181553 0 -0.02000570098591995 0.04059401140406246 0
1 1.334272396313116 2.173547755640924 0 16.00028504929603 -2.029700570203122 0
2
1.730755711045457
50 -0.01052138787205799 0.006923861816418579 0 -0.0192161364762215 0.04179319340879809 0
1 1.487405059284748 2.153806909179073 0 15.96080682381111 -2.089659670439903 0
2
1.740622814838937
50 -0.01070690687322656 0.007341885392863183 0 -0.01838550762979256 0.04291950460643989 0
1 1.644687566245379 2.132905730356843 0 15.91927538148966 -2.145975230321994 0
2
1.750810500994197
50 -0.01088981508818959 0.007784587480208142 0 -0.01752223495325656 0.04397145651639064 0
1 1.806648269322429 2.110770625989595 0 15.87611174766286 -2.198572825819532 0
2
1.761355906203514
50 -0.01106990346969903 0.008253533010910728 0 -0.01663448695228441 0.04494864757987695 0
1 1.97383376653766 2.087323349454465 0 15.83172434761426 -2.247432378993847 0
2
1.770444766214371
50 -0.01121765980913726 0.008665564741117446 0 -0.01588162194645432 0.04570625421095494 0
1 2.117554483672426 2.066721762944129 0 15.79408109732275 -2.285312710547746 0
2
1.781747221995357
50 -0.01139197515686341 0.009187016930784903 0 -0.01496882015558971 0.04654850308670493 0
1 2.295807087773526 2.040649153460757 0 15.74844100777952 -2.327425154335246 0
2
1.791523966249944
50 -0.01153456643194964 0.009645333030514708 0 -0.01420494499820862 0.0471960340623518 0
1 2.449587815346635 2.017733348474267 0 15.71024724991047 -2.35980170311759 0
2
1.801652786438792
50 -0.01167455643284547 0.01012646830704843 0 -0.01344198595950431 0.0477957599929157 0
1 2.60851961822416 1.993676584647582 0 15.67209929797526 -2.389787999645786 0
2
1.810026717914039
50 -0.01178456007032196 0.01052860582984305 0 -0.01283447410327247 0.04824229271836837 0
1 2.739628772226685 1.973569708507851 0 15.64172370516366 -2.412114635918419 0
2
1.820855246848884
50 -0.01191942668039437 0.01105386179573891 0 -0.01208113375703013 0.04876051834722173 0
1 2.908800036752977 1.947306910213058 0 15.60405668785155 -2.438025917361087 0
2
1.832110975005116
50 -0.01205118348931456 0.01160543086437854 0 -0.01133697731806397 0.04923629730819306 0
1 3.084223799542472 1.919728456781077 0 15.56684886590324 -2.461814865409654 0
2
1.841442509855717
50 -0.01215421463324158 0.0120665495616844 0 -0.01074984049163385 0.04958781468637444 0
1 3.229348379497837 1.896672521915783 0 15.53749202458173 -2.479390734318724 0
2
1.851081245299249
50 -0.01225501811363372 0.01254611666209822 0 -0.01017112500748103 0.04991469793092242 0
1 3.378969585170433 1.872694166895093 0 15.50855625037409 -2.495734896546122 0
2
1.861043023667508
50 -0.01235348081060261 0.01304489444190818 0 -0.009601753496089422 0.05021810700144432 0
1 3.533319395542751 1.847755277904594 0 15.48008767480451 -2.510905350072217 0
2
1.871344222061057
50 -0.01244948480884225 0.01356367575616324 0 -0.009042529875565046 0.05049920717861101 0
1 3.692637571357967 1.821816212191842 0 15.45212649377829 -2.52496035893055 0
2
1.882001777452195
50 -0.01254290726980508 0.01410328525823028 0 -0.008494145531180754 0.05075915973204196 0
1 3.857172025273188 1.794835737088489 0 15.42470727655908 -2.537957986602097 0
2
1.890239321561594
50 -0.01261120323735729 0.01452217557792694 0 -0.008090326538553636 0.05094093794604587 0
1 3.984149985291785 1.773891221103656 0 15.40451632692773 -2.547046897302292 0
2
1.901563033505851
50 -0.01269979712865426 0.01510031895398845 0 -0.007562259926195324 0.05116663593613547 0
1 4.158435359020482 1.744984052300581 0 15.37811299630981 -2.558331796806772 0
2
1.910321235909003
50 -0.01276431702090616 0.01554914616024058 0 -0.007174206850973936 0.05132401274721829 0
1 4.293034389680362 1.722542691987974 0 15.35871034254874 -2.566200637360914 0
2
1.922368122605096
50 -0.01284766236812497 0.01616863810159963 0 -0.006667738423217591 0.05151885794454009 0
1 4.477904957482695 1.691568094920022 0 15.33338692116092 -2.575942897227004 0
2
1.931691073060029
50 -0.01290808021213509 0.01664958708746218 0 -0.006296236373931598 0.05165432780446523 0
1 4.6207701065072 1.667520645626895 0 15.31481181869662 -2.582716390223261 0
2
1.941270244438255
50 -0.01296663461419782 0.0171450096176785 0 -0.005931988719202828 0.05178113977631557 0
1 4.767385397283733 1.642749519116079 0 15.29659943596018 -2.589056988815778 0
2
1.951114482165199
50 -0.01302325963160682 0.01765534836114286 0 -0.005575059708545091 0.05189971539409315 0
1 4.917880214058338 1.617232581942861 0 15.27875298542729 -2.594985769704657 0
2
1.96123287292027
50 -0.01307788739702429 0.01818105926240619 0 -0.005225493267511802 0.05201046369152561 0
1 5.072387463655279 1.590947036879694 0 15.26127466337563 -2.60052318457628 0
2
1.971634752533179
50 -0.01313044806903155 0.01872261194521766 0 -0.004883314522973165 0.05211378078387919 0
1 5.231043691449276 1.56386940273912 0 15.2441657261487 -2.60568903919396 0
2
1.982329714106123
50 -0.01318086978050163 0.01928049012864429 0 -0.004548531274480874 0.05221004956009256 0
1 5.393989200616938 1.535975493567789 0 15.22742656372408 -2.610502478004628 0
2
1.993327616369463
50 -0.01322907858474281 0.01985519205611006 0 -0.00422113540752839 0.05229963947480357 0
1 5.561368174779091 1.507240397194501 0 15.21105677037646 -2.614981973740178 0
2
2.000832843973628
50 -0.01325995091275124 0.02024792600639056 0 -0.00400696495873485 0.05235583191954309 0
1 5.67549020524199 1.487603699680475 0 15.20034824793678 -2.617791595977154 0
2
2.012358304482945
50 -0.0133043013852359 0.0208518155710522 0 -0.003691824396220557 0.05243507458046698 0
1 5.850589636505975 1.457409221447393 0 15.18459121981107 -2.621753729023349 0
2
2.020224941853415
50 -0.01333252855193275 0.02126450067448927 0 -0.003485788343687592 0.05248468301957872 0
1 5.970000555397864 1.43677496627554 0 15.17428941718442 -2.624234150978936 0
2
2.032307436044171
50 -0.01337279907534617 0.0218990757811027 0 -0.003182781030134431 0.0525545041989641 0
1 6.153251494429882 1.405046210944868 0 15.15913905150676 -2.627725209948204 0
2
2.040555592390485
50 -0.01339822980167205 0.02233273558175188 0 -0.00298478040202993 0.05259812497600143 0
1 6.278245375940888 1.38336322091241 0 15.14923902010154 -2.62990624880007 0
2
2.053225992015403
50 -0.01343418802343029 0.02299956996964238 0 -0.002693733794256793 0.05265938818732818 0
1 6.470099281402555 1.350021501517884 0 15.13468668971288 -2.632969409366408 0
2
2.06187673215231
50 -0.01345666370508408 0.02345527984782464 0 -0.002503638791277055 0.05269757651082201 0
1 6.600984167538856 1.327236007608771 0 15.12518193956389 -2.6348788255411 0
2
2.070694627722841
50 -0.01347791125202561 0.02392012297826535 0 -0.002316663798975698 0.05273373828927165 0
1 6.734314978443903 1.303993851086735 0 15.11583318994883 -2.636686914463581 0
2
2.084242776092524
50 -0.01350742037754358 0.02463491681511971 0 -0.002041993363026497 0.05278435528359372 0
1 6.939012660265042 1.268254159244018 0 15.10209966815137 -2.639217764179685 0
2
2.093494449800848
50 -0.01352547785025612 0.02512340773137751 0 -0.001862700357115227 0.05281579485886641 0
1 7.078690639525531 1.243829613431127 0 15.0931350178558 -2.640789742943319 0
2
2.102926172507672
50 -0.0135422100191201 0.02562169344211352 0 -0.001686429717592023 0.05284547681550645 0
1 7.221003088571086 1.218915327894327 0 15.08432148587964 -2.642273840775321 0
2
2.11254178702901
50 -0.01355758791812309 0.02612997153130811 0 -0.001513151009475492 0.05287347259033442 0
1 7.366006201341313 1.193501423434598 0 15.07565755047382 -2.643673629516719 0
2
2.122345209545379
50 -0.01357158202708327 0.02664844353445415 0 -0.001342832853958646 0.05289985130136565 0
1 7.51375724453485 1.167577823277295 0 15.06714164269797 -2.644992565068282 0
2
2.132340431135307
50 -0.01358416226070782 0.02717731501842015 0 -0.001175443020613026 0.0529246797944164 0
1 7.664314580065001 1.141134249078995 0 15.05877215103069 -2.646233989720819 0
2
2.142531519338984
50 -0.01359529795739901 0.02771679566291806 0 -0.001010948514927083 0.05294802269087848 0
1 7.817737687954716 1.1141602168541 0 15.0505474257464 -2.647401134543923 0
2
2.152922619752649
50 -0.01360495786780459 0.0282670993436074 0 -0.0008493156613221774 0.05296994243644494 0
1 7.974087189679968 1.086645032819632 0 15.04246578306615 -2.648497121822246 0
2
2.163517957654351
50 -0.01361311014310848 0.02882844421686774 0 -0.0006905101817919906 0.05299049935058487 0
1 8.1334248719707 1.058577789156615 0 15.03452550908964 -2.649524967529242 0
2
2.174321839661723
50 -0.01361972232305805 0.02940105280627253 0 -0.0005344972703126888 0.05300975167658165 0
1 8.295813711078754 1.029947359686376 0 15.02672486351567 -2.650487583829081 0
2
2.185338655422405
50 -0.01362476132372412 0.02998515209079788 0 -0.0003812416631719808 0.05302775563196285 0
1 8.461317897522292 1.000742395460108 0 15.01906208315864 -2.651387781598142 0
2
2.190928308352154
50 -0.01362668036948804 0.03028158291504113 0 -0.0003056367200872769 0.05303630649719809 0
1 8.54525864375672 0.9859208542479458 0 15.0152818360044 -2.651815324859903 0
2
2.202272941210671
50 -0.01362929617371136 0.03088335379589433 0 -0.0001564501112627299 0.05305253899788562 0
1 8.715558926845629 0.9558323102052863 0 15.00782250556317 -2.65262694989428 0
2
2.213841856593838
50 -0.01363025327745719 0.03149720290662467 0 -9.931071554968341e-06 0.0530676551417672 0
1 8.889140512780425 0.9251398546687691 0 15.00049655357779 -2.653382757088359 0
2
2.225639748553665
50 -0.01362951631358104 0.03212337354062354 0 0.0001339567662678226 0.05308170445547417 0
1 9.066072043984024 0.8938313229688257 0 14.99330216168665 -2.654085222773707 0
2
2.231626052488853
50 -0.01362850131789422 0.03244115678829603 0 0.000204925401974585 0.05308834403509981 0
1 9.155815853227505 0.877942160585201 0 14.98975372990131 -2.654417201754989 0
2
2.243776410366767
50 -0.01362515544316507 0.03308627657266996 0 0.0003449350223481137 0.05310088204679496 0
1 9.33790392765976 0.8456861713665049 0 14.98275324888263 -2.655044102339746 0
2
2.256167882462761
50 -0.0136200240681894 0.03374434765657533 0 0.0004824050707275839 0.05311246928860004 0
1 9.523519440350894 0.8127826171712363 0 14.97587974646366 -2.65562346443 0
2
2.2624556016313
50 -0.01361677702910502 0.0340783212296704 0 0.000550199257183386 0.05311792001365963 0
1 9.617672875924752 0.7960839385164828 0 14.97249003714087 -2.655896000682979 0
2
2.275218190058757
50 -0.01360889627117844 0.03475630987329031 0 0.0006839289760110056 0.05312816206410648 0
1 9.808717664440284 0.7621845063354875 0 14.96580355119949 -2.656408103205322 0
2
2.281694351422394
50 -0.01360425282285144 0.03510039210987607 0 0.0007498737169059723 0.05313296364715983 0
1 9.905627912478483 0.7449803945061991 0 14.96250631415474 -2.656648182357989 0
2
2.294839685887111
50 -0.01359353511098608 0.03579890284769907 0 0.0008799459683620143 0.05314195284323715 0
1 10.10227204385598 0.7100548576150491 0 14.95600270158194 -2.657097642161855 0
2
2.3015101891047
50 -0.0135874508337457 0.03615340054514378 0 0.0009440826709370987 0.05314615013627345 0
1 10.2020253782578 0.6923299727428136 0 14.95279586645318 -2.65730750681367 0
2
2.315050241441373
50 -0.01357380603882006 0.03687305618418374 0 0.001070580170071823 0.05315397361568489 0
1 10.40444392356161 0.6563471907908157 0 14.94647099149645 -2.657698680784241 0
2
2.321921159867994
50 -0.01356623521451029 0.0372382854138559 0 0.00113295012251406 0.05315760893080439 0
1 10.50712915874543 0.6380857293072074 0 14.94335249387433 -2.657880446540216 0
2
2.335868254654047
50 -0.01354957057091721 0.03797972758919445 0 0.001255955260544803 0.05316434886940001 0
1 10.71550234835658 0.6010136205402795 0 14.9372022369728 -2.658217443469998 0
2
2.342945840726499
50 -0.01354046614310681 0.03835601397839442 0 0.001316599548287285 0.05316746209607608 0
1 10.82121091805283 0.5821993010802811 0 14.93417002258567 -2.658373104803801 0
2
2.350093737192727
50 -0.01353083981995098 0.03873606014236873 0 0.001376677698565104 0.05317040975537903 0
1 10.92794804888846 0.5631969928815659 0 14.93116611507178 -2.658520487768949 0
2
2.364603356996058
50 -0.01350999970086759 0.03950758274791088 0 0.00149515366492849 0.05317582465857851 0
1 11.14455033998426 0.5246208626044586 0 14.92524231675361 -2.658791232928923 0
2
2.371966545872182
50 -0.01349877487941858 0.03989913560919603 0 0.001553560487382921 0.05317829984372805 0
1 11.25443693205367 0.5050432195402013 0 14.92232197563089 -2.658914992186399 0
2
2.386913399263672
50 -0.01347468774680269 0.04069401836715709 0 0.001668734220786948 0.05318280494192783 0
1 11.47743537629522 0.4652990816421486 0 14.91656328896069 -2.659140247096388 0
2
2.394498572700295
50 -0.01346181408614841 0.04109742699494723 0 0.001725510050381843 0.05318484232787632 0
1 11.59056929481185 0.4451286502526414 0 14.91372449748094 -2.659242116393812 0
2
2.402159262221236
50 -0.01344837937102512 0.04150486693164524 0 0.001781751107601761 0.05318674112810385 0
1 11.70480790186981 0.4247566534177409 0 14.91091244461995 -2.659337056405189 0
2
2.417710289235124
50 -0.01341980346706331 0.04233200255432341 0 0.001892646560537024 0.05319013709921795 0
1 11.93664451188004 0.3833998722838324 0 14.90536767197318 -2.659506854960894 0
2
2.42560219558328
50 -0.0134046504812521 0.0427517801628743 0 0.001947309739728596 0.05319164115450885 0
1 12.05426545781182 0.3624109918562882 0 14.90263451301361 -2.659582057725439 0
2
2.433572755880997
50 -0.01338891284587519 0.0431757529335919 0 0.002001455712390977 0.05319302039534787 0
1 12.17303698050873 0.3412123533204079 0 14.89992721438049 -2.65965101976739 0
2
2.441622773901253
50 -0.01337258451802687 0.0436039628573881 0 0.002055088823481217 0.05319427808993999 0
1 12.29297083442015 0.3198018571305981 0 14.89724555882598 -2.659713904496996 0
2
2.457964437682338
50 -0.01333813131857394 0.04447326422855927 0 0.002160833742184491 0.05319644157719321 0
1 12.53637313116378 0.2763367885720397 0 14.89195831289081 -2.659822078859657 0
2
2.466257730711317
50 -0.01331999406464332 0.0449144417711017 0 0.002212954139734083 0.05319735357377014 0
1 12.65986566390194 0.2542779114449179 0 14.88935229301333 -2.659867678688503 0
2
2.474633776161767
50 -0.0133012413523782 0.04536002866558799 0 0.002264578854710171 0.0531981564342405 0
1 12.78456871004543 0.2319985667206033 0 14.88677105726453 -2.659907821712021 0
2
2.48309341801676
50 -0.01328186683872494 0.0458100690418656 0 0.002315712129467568 0.05319885310124108 0
1 12.91049461218766 0.2094965479067234 0 14.88421439352666 -2.65994265506205 0
2
2.491637508548163
50 -0.0132618641187621 0.04626460747051443 0 0.002366358184602028 0.05319944645570475 0
1 13.03765583416057 0.1867696264742816 0 14.88168209076994 -2.659972322785234 0
2
2.500266908400801
50 -0.01324122672507316 0.04672368896726278 0 0.002416521218584908 0.0531999393179617 0
1 13.1660649622657 0.1638155516368642 0 14.87917393907079 -2.659996965898082 0
2
2.51778512102469
50 -0.01319802173056743 0.04765566348051697 0 0.002515414904301222 0.05320063455066372 0
1 13.42667790189874 0.1172168259741551 0 14.87422925478498 -2.660031727533183 0
2
2.52667569771956
50 -0.01317544087670769 0.04812864879458338 0 0.002564153839332769 0.05320084226845462 0
1 13.55890750962881 0.09356756027083486 0 14.8717923080334 -2.660042113422727 0
2
2.535655111757138
50 -0.01315219884173644 0.04860636178101455 0 0.002612426319207631 0.05320096019082737 0
1 13.69243661844391 0.06968191094927673 0 14.86937868403965 -2.660048009541365 0
2
2.544724266938932
50 -0.01312828883612873 0.04908884974907595 0 0.00266023642694749 0.05320099085108854 0
1 13.82727844589044 0.04555751254620644 0 14.86698817865266 -2.660049542554423 0
2
2.553884075962177
50 -0.01310370400396563 0.04957616048061735 0 0.002707588221641349 0.0532009367282332 0
1 13.96344633963095 0.0211919759691368 0 14.86462058891797 -2.660046836411656 0
2
2.56313546051
50 -0.01307843742226131 0.05006834223480637 0 0.002754485738203115 0.05320080024794151 0
1 14.10095377876308 -0.003417111740314509 0 14.86227571308988 -2.660040012397072 0
2
2.572479351342491
50 -0.01305248210028338 0.05056544375290945 0 0.00280093298714467 0.05320058378356053 0
1 14.23981437515155 -0.02827218764546871 0 14.8599533506428 -2.660029189178023 0
2
2.581916688388665
50 -0.01302583097886625 0.05106751426312038 0 0.002846933954363953 0.05320028965707147 0
1 14.38004187477331 -0.05337571315601505 0 14.85765330228184 -2.66001448285357 0
2
2.591448420839346
50 -0.01299847692971779 0.05157460348543706 0 0.002892492600947591 0.05319992014004254 0
1 14.52165015907609 -0.07873017427184892 0 14.85537536995266 -2.659996007002123 0
2
2.601075507240957
50 -0.01297041275471882 0.05208676163658695 0 0.002937612862987618 0.05319947745456732 0
1 14.66465324635032 -0.1043380818293434 0 14.85311935685066 -2.659973872728363 0
2
2.610798915590257
50 -0.01294163118521575 0.05260403943500165 0 0.002982298651411833 0.05319896377418898 0
1 14.80906529311466 -0.1302019717500783 0 14.85088506742945 -2.659948188709445 0
2
2.620619623430001
50 -0.01291212488130596 0.05312648810584111 0 0.00302655385182736 0.0531983812248102 0
1 14.95490059551532 -0.1563244052920517 0 14.84867230740867 -2.659919061240506 0
2
2.630538617945557
50 -0.01288188643111612 0.05365415938606805 0 0.003070382324377003 0.05319773188558918 0
1 15.10217359073918 -0.1827079693033981 0 14.84648088378119 -2.659886594279455 0
2
2.640556896062481
50 -0.01285090835007319 0.05418710552957287 0 0.00311378790360796 0.05319701778982163 0
1 15.25089885844089 -0.2093552764786394 0 14.84431060481964 -2.659850889491077 0
2
2.650675464545055
50 -0.01281918308016819 0.05472537931234996 0 0.003156774398352507 0.05319624092580897 0
1 15.40109112218424 -0.2362689656174936 0 14.84216128008241 -2.659812046290444 0
2
2.660895340095803
50 -0.01278670298921254 0.05526903403772539 0 0.00319934559162025 0.05319540323771289 0
1 15.55276525089768 -0.2634517018862655 0 14.84003272041903 -2.65977016188564 0
2
2.671217549455998
50 -0.01275346037008692 0.05581812354163705 0 0.003241505240501577 0.05319450662639628 0
1 15.70593626034433 -0.2909061770818482 0 14.83792473797496 -2.65972533131981 0
2
2.681643129507161
50 -0.01271944743998271 0.05637270219796726 0 0.003283257076081915 0.05319355295025079 0
1 15.86061931460657 -0.3186351098983587 0 14.83583714619594 -2.659677647512535 0
2
2.692173127373571
50 -0.01268465633963572 0.0569328249239288 0 0.003324604803366454 0.05319254402601101 0
1 16.01682972758537 -0.3466412461964356 0 14.83376975983172 -2.659627201300546 0
2
2.702808600525787
50 -0.01264907913255234 0.05749854718550459 0 0.003365552101214958 0.05319148162955561 0
1 16.17458296451444 -0.3749273592752249 0 14.83172239493929 -2.659574081477777 0
2
2.7135506168852
50 -0.01261270780422786 0.05806992500294171 0 0.003406102622286339 0.05319036749669535 0
1 16.33389464348941 -0.4034962501470812 0 14.82969486888572 -2.659518374834763 0
2
2.724400254929624
50 -0.01257553426135706 0.05864701495630031 0 0.003446259992992646 0.05318920332394819 0
1 16.49478053701224 -0.4323507478150111 0 14.82768700035041 -2.659460166197405 0
2
2.735358603799933
50 -0.01253755033103688 0.05922987419105784 0 0.003486027813462153 0.05318799076930176 0
1 16.65725657355087 -0.461493709552887 0 14.82569860932693 -2.659399538465084 0
2
2.746426763407754
50 -0.01249874775996104 0.05981856042376926 0 0.003525409657511214 0.05318673145296307 0
1 16.82133883911439 -0.4909280211884581 0 14.82372951712448 -2.65933657264815 0
2
2.757605844544234
50 -0.01245911821360672 0.06041313194778385 0 0.003564409072624587 0.05318542695809587 0
1 16.98704357884387 -0.520656597389187 0 14.82177954636881 -2.65927134790479 0
2
2.768896968989881
50 -0.01241865327541306 0.06101364763901893 0 0.003603029579943923 0.05318407883154561 0
1 17.1543871986189 -0.5506823819509409 0 14.81984852100284 -2.659203941577277 0
2
2.780301269625503
50 -0.01237734444595145 0.0616201669617914 0 0.003641274674264123 0.05318268858455226 0
1 17.32338626668014 -0.5810083480895647 0 14.81793626628683 -2.65913442922761 0
2
2.780301269625503
50 -0.01237734444595145 0.0616201669617914 0 0.003641274674264123 0.05318268858455226 0
1 17.32338626668014 -0.5810083480895647 0 14.81793626628683 -2.65913442922761 0
2
2.791819890544239
50 -0.01233518314208754 0.06223274997470743 0 0.00367914782403728 0.05318125769345106 0
1 17.49405751526798 -0.6116374987353661 0 14.81604260879818 -2.659062884672549 0
2
2.803453987164711
50 -0.01229216069613489 0.06285145733661092 0 0.003716652471383934 0.05317978760036141 0
1 17.66641784227743 -0.6425728668305407 0 14.81416737643084 -2.658989380018067 0
2
2.815204726345295
50 -0.01224826835500016 0.06347635031259147 0 0.003753792032111366 0.05317827971386398 0
1 17.84048431292946 -0.6738175156295682 0 14.81231039839447 -2.658913985693196 0
2
2.827073286499528
50 -0.01220349727931975 0.06410749078005225 0 0.003790569895738659 0.05317673540966626 0
1 18.01627416145893 -0.7053745390026066 0 14.81047150521311 -2.658836770483309 0
2
2.839060857712661
50 -0.01215783854258786 0.0647449412348385 0 0.003826989425528292 0.0531751560312566 0
1 18.19380479281935 -0.7372470617419188 0 14.80865052872362 -2.658757801562826 0
2
2.851168641859374
50 -0.01211128313027584 0.06538876479742727 0 0.003863053958524006 0.05317354289054701 0
1 18.37309378440444 -0.7694382398713568 0 14.80684730207384 -2.658677144527347 0
2
2.851168641859374
50 -0.01211128313027584 0.06538876479742727 0 0.003863053958524006 0.05317354289054701 0
1 18.37309378440444 -0.7694382398713568 0 14.80684730207384 -2.658677144527347 0
2
2.863397852722649
50 -0.0120638219389427 0.0660390252191789 0 0.003898766805594696 0.05317189726850478 0
1 18.55415888778691 -0.801951260958939 0 14.80506165972031 -2.658594863425236 0
2
2.875749716113841
50 -0.01201544577533682 0.06669578688865106 0 0.003934131251484112 0.05317022041577305 0
1 18.73701803047449 -0.8347893444325474 0 14.80329343742583 -2.658511020788649 0
2
2.888225469993925
50 -0.01196614535548866 0.0673591148379757 0 0.003969150554866126 0.05316851355328057 0
1 18.92168931768336 -0.8679557418987793 0 14.80154247225673 -2.658425677664025 0
2
2.900826364595964
50 -0.01191591130379443 0.06802907474929978 0 0.004003827948405351 0.05316677787284069 0
1 19.10819103412923 -0.9014537374649834 0 14.79980860257977 -2.658338893642032 0
2
2.900826364595964
50 -0.01191591130379443 0.06802907474929978 0 0.004003827948405351 0.05316677787284069 0
1 19.10819103412923 -0.9014537374649834 0 14.79980860257977 -2.658338893642032 0
2
2.913553662548778
50 -0.0118647341520906 0.06870573296129034 0 0.004038166638822898 0.05316501453773986 0
1 19.29654164583625 -0.9352866480645114 0 14.79809166805889 -2.65825072688699 0
2
2.926408639001856
50 -0.01181260433871923 0.06938915647570452 0 0.004072169806967061 0.05316322468331561 0
1 19.48675980196385 -0.9694578237852204 0 14.79639150965169 -2.658161234165777 0
2
2.939392581751501
50 -0.01175951220758392 0.0700794129640252 0 0.004105840607888729 0.0531614094175243 0
1 19.67886433665177 -1.003970648201254 0 14.7947079696056 -2.658070470876211 0
2
2.952506791368236
50 -0.01170544800719639 0.07077657077416293 0 0.004139182170921325 0.05315956982149875 0
1 19.87287427088342 -1.03882853870814 0 14.79304089145397 -2.657978491074934 0
2
2.952506791368236
50 -0.01170544800719639 0.07077657077416293 0 0.004139182170921325 0.05315956982149875 0
1 19.87287427088342 -1.03882853870814 0 14.79304089145397 -2.657978491074934 0
2
2.965752581325468
50 -0.01165040188971354 0.07148069893722482 0 0.004172197599765082 0.05315770695009585 0
1 20.06880881436776 -1.074034946861235 0 14.79139012001179 -2.657885347504789 0
2
2.979131278129438
50 -0.01159436390996494 0.07219186717435105 0 0.004204889972575487 0.05315582183243434 0
1 20.26668736743988 -1.109593358717547 0 14.78975550137126 -2.657791091621713 0
2
2.992644221450463
50 -0.01153732402447056 0.07291014590361966 0 0.00423726234205568 0.05315391547242287 0
1 20.46652952298053 -1.145507295180976 0 14.78813688289725 -2.65769577362114 0
2
2.992644221450463
50 -0.01153732402447056 0.07291014590361966 0 0.00423726234205568 0.05315391547242287 0
1 20.46652952298053 -1.145507295180976 0 14.78813688289725 -2.65769577362114 0
2
3.00629276425548
50 -0.01147927209044876 0.07363560624702027 0 0.004269317735552666 0.05315198884927852 0
1 20.6683550683547 -1.181780312351007 0 14.78653411322241 -2.657599442463923 0
2
3.020078272941911
50 -0.01142019786481443 0.07436832003749759 0 0.004301059155157154 0.0531500429180359 0
1 20.87218398736944 -1.218416001874873 0 14.78494704224218 -2.657502145901792 0
2
3.020078272941911
50 -0.01142019786481443 0.07436832003749759 0 0.004301059155157154 0.0531500429180359 0
1 20.87218398736944 -1.218416001874873 0 14.78494704224218 -2.657502145901792 0
2
3.034002127472855
50 -0.01136009100316702 0.0751083598260652 0 0.004332489577806868 0.05314807861004695 0
1 21.07803646225123 -1.255417991303253 0 14.7833755211097 -2.657403930502344 0
2
3.048065721513633
50 -0.01129894105876865 0.07585579888899044 0 0.004363611955393159 0.05314609683347161 0
1 21.28593287564298 -1.292789944449515 0 14.78181940223038 -2.657304841673577 0
2
3.062270462569683
50 -0.01123673748151188 0.07661071123505105 0 0.004394429214870777 0.05314409847375952 0
1 21.4958938126209 -1.330535561752545 0 14.7802785392565 -2.657204923687972 0
2
3.062270462569683
50 -0.01123673748151188 0.07661071123505105 0 0.004394429214870777 0.05314409847375952 0
1 21.4958938126209 -1.330535561752545 0 14.7802785392565 -2.657204923687972 0
2
3.076617772125833
50 -0.01117346961687733 0.07737317161286433 0 0.004424944258370645 0.05314208439412277 0
1 21.70794006273142 -1.368658580643209 0 14.77875278708151 -2.657104219706135 0
2
3.091109085786954
50 -0.0111091267048808 0.07814325551828959 0 0.004455159963315499 0.05314005543600004 0
1 21.92209262204841 -1.407162775914471 0 14.77724200183427 -2.657002771799998 0
2
3.091109085786954
50 -0.0111091267048808 0.07814325551828959 0 0.004455159963315499 0.05314005543600004 0
1 21.92209262204841 -1.407162775914471 0 14.77724200183427 -2.657002771799998 0
2
3.105745853420019
50 -0.01104369787900999 0.07892103920190441 0 0.004485079182538236 0.05313801241951205 0
1 22.13837269525085 -1.446051960095212 0 14.77574604087313 -2.656900620975598 0
2
3.12052953929757
50 -0.01097717216515057 0.07970659967655579 0 0.004514704744402858 0.0531359561439086 0
1 22.35680169772115 -1.485329983827781 0 14.7742647627799 -2.656797807195426 0
2
3.12052953929757
50 -0.01097717216515057 0.07970659967655579 0 0.004514704744402858 0.0531359561439086 0
1 22.35680169772115 -1.485329983827781 0 14.7742647627799 -2.656797807195426 0
2
3.135461622242618
50 -0.01090953848050157 0.08050001472498657 0 0.004544039452927857 0.05313388738800728 0
1 22.57740125766441 -1.525000736249321 0 14.77279802735365 -2.65669436940036 0
2
3.150543595774977
50 -0.01084078563247996 0.08130136290753823 0 0.004573086087911939 0.05313180691062396 0
1 22.80019321824872 -1.565068145376904 0 14.77134569560444 -2.656590345531194 0
2
3.150543595774977
50 -0.01084078563247996 0.08130136290753823 0 0.004573086087911939 0.05313180691062396 0
1 22.80019321824872 -1.565068145376904 0 14.77134569560444 -2.656590345531194 0
2
3.165776968259067
50 -0.01077090231761435 0.08211072356993046 0 0.004601847405061926 0.05312971545099524 0
1 23.02519963976679 -1.605536178496516 0 14.76990762974694 -2.656485772549758 0
2
3.181163263053178
50 -0.01069987712042759 0.08292817685111867 0 0.004630326136122761 0.05312761372919295 0
1 23.25244280181911 -1.646408842555926 0 14.7684836931939 -2.656380686459644 0
2
3.181163263053178
50 -0.01069987712042759 0.08292817685111867 0 0.004630326136122761 0.05312761372919295 0
1 23.25244280181911 -1.646408842555926 0 14.7684836931939 -2.656380686459644 0
2
3.19670401866022
50 -0.01062769851230834 0.08375380369122984 0 0.004658524989009468 0.05312550244653085 0
1 23.48194520551879 -1.687690184561484 0 14.76707375054957 -2.656275122326539 0
2
3.212400788879983
50 -0.01055435485037129 0.08458768583957781 0 0.004686446647940958 0.05312338228596367 0
1 23.71372957571839 -1.729384291978882 0 14.76567766760299 -2.65616911429818 0
2
3.212400788879983
50 -0.01055435485037129 0.08458768583957781 0 0.004686446647940958 0.05312338228596367 0
1 23.71372957571839 -1.729384291978882 0 14.76567766760299 -2.65616911429818 0
2
3.228255142962904
50 -0.01047983437630614 0.08542990586275856 0 0.004714093773575592 0.05312125391247854 0
1 23.94781886325895 -1.77149529313792 0 14.76429531132126 -2.656062695623923 0
2
3.244268665765366
50 -0.01040412521521502 0.0862805471528265 0 0.004741469003148374 0.05311911797347903 0
1 24.18423624724132 -1.814027357641318 0 14.76292654984262 -2.655955898673947 0
2
3.244268665765366
50 -0.01040412521521502 0.0862805471528265 0 0.004741469003148374 0.05311911797347903 0
1 24.18423624724132 -1.814027357641318 0 14.76292654984262 -2.655955898673947 0
2
3.26044295790655
50 -0.01032721537443838 0.08713969393555236 0 0.004768574950609681 0.05311697509916186 0
1 24.42300513732025 -1.85698469677761 0 14.76157125246955 -2.655848754958089 0
2
3.26044295790655
50 -0.01032721537443838 0.08713969393555236 0 0.004768574950609681 0.05311697509916186 0
1 24.42300513732025 -1.85698469677761 0 14.76157125246955 -2.655848754958089 0
2
3.276779635926841
50 -0.01024909274236914 0.08800743127876365 0 0.004795414206765439 0.05311482590288645 0
1 24.66414917602115 -1.900371563938174 0 14.76022928966177 -2.655741295144318 0
2
3.293280332447817
50 -0.01016974508725512 0.08888384510076845 0 0.004821989339418632 0.05311267098153735 0
1 24.90769224108008 -1.944192255038415 0 14.75890053302911 -2.655633549076863 0
2
3.293280332447817
50 -0.01016974508725512 0.08888384510076845 0 0.004821989339418632 0.05311267098153735 0
1 24.90769224108008 -1.944192255038415 0 14.75890053302911 -2.655633549076863 0
2
3.309946696333828
50 -0.01008916005598938 0.08976902217886348 0 0.004848302893512069 0.05311051091587977 0
1 25.15365844780696 -1.988451108943166 0 14.75758485532444 -2.655525545793984 0
2
3.326780392855188
50 -0.01000732517288869 0.09066305015792706 0 0.004874357391272314 0.0531083462709082 0
1 25.40207215147234 -2.033152507896345 0 14.75628213043642 -2.655417313545406 0
2
3.326780392855188
50 -0.01000732517288869 0.09066305015792706 0 0.004874357391272314 0.0531083462709082 0
1 25.40207215147234 -2.033152507896345 0 14.75628213043642 -2.655417313545406 0
2
3.34378310385299
50 -0.009924227838459724 0.09156601755909802 0 0.00490015533235469 0.05310617759618843 0
1 25.65295794971793 -2.078300877954892 0 14.75499223338231 -2.655308879809417 0
2
3.34378310385299
50 -0.009924227838459724 0.09156601755909802 0 0.00490015533235469 0.05310617759618843 0
1 25.65295794971793 -2.078300877954892 0 14.75499223338231 -2.655308879809417 0
2
3.360956527905563
50 -0.00983985532815294 0.09247801378854138 0 0.004925699193989276 0.05310400542619284 0
1 25.90634068499118 -2.12390068942706 0 14.75371504030058 -2.655200271309638 0
2
3.360956527905563
50 -0.00983985532815294 0.09247801378854138 0 0.004925699193989276 0.05310400542619284 0
1 25.90634068499118 -2.12390068942706 0 14.75371504030058 -2.655200271309638 0
2
3.378302380496587
50 -0.009754194791104141 0.09339912914630157 0 0.004950991431127817 0.05310183028062927 0
1 26.1622454470041 -2.169956457315069 0 14.75245042844365 -2.655091514031459 0
2
3.395822394184885
50 -0.009667233248863425 0.09432945483524414 0 0.004976034476591473 0.05309965266476345 0
1 26.42069757521653 -2.216472741762198 0 14.75119827617047 -2.654982633238168 0
2
3.395822394184885
50 -0.009667233248863425 0.09432945483524414 0 0.004976034476591473 0.05309965266476345 0
1 26.42069757521653 -2.216472741762198 0 14.75119827617047 -2.654982633238168 0
2
3.413518318775905
50 -0.009578957594111502 0.095269082970087 0 0.005000830741219325 0.05309747306973525 0
1 26.68172266134423 -2.263454148504341 0 14.74995846293907 -2.654873653486758 0
2
3.413518318775905
50 -0.009578957594111502 0.095269082970087 0 0.005000830741219325 0.05309747306973525 0
1 26.68172266134423 -2.263454148504341 0 14.74995846293907 -2.654873653486758 0
2
3.431391921494911
50 -0.009489354589363206 0.09621810658652158 0 0.005025382614017572 0.05309529197286868 0
1 26.94534655189191 -2.31090532932607 0 14.74873086929916 -2.654764598643429 0
2
3.431391921494911
50 -0.009489354589363206 0.09621810658652158 0 0.005025382614017572 0.05309529197286868 0
1 26.94534655189191 -2.31090532932607 0 14.74873086929916 -2.654764598643429 0
2
3.449444987161901
50 -0.009398410865658109 0.09717661965042554 0 0.005049692462309343 0.05309310983797581 0
1 27.21159535071151 -2.358830982521267 0 14.74751537688457 -2.654655491898786 0
2
3.467679318368265
50 -0.00930611292123807 0.09814471706716728 0 0.005073762631885065 0.05309092711565488 0
1 27.48049542158597 -2.407235853358354 0 14.74631186840579 -2.654546355782739 0
2
3.467679318368265
50 -0.00930611292123807 0.09814471706716728 0 0.005073762631885065 0.05309092711565488 0
1 27.48049542158597 -2.407235853358354 0 14.74631186840579 -2.654546355782739 0
2
3.486096735655208
50 -0.009212447120211624 0.09912249469100362 0 0.005097595447153313 0.05308874424358234 0
1 27.75207339083879 -2.456124734550172 0 14.74512022764237 -2.654437212179113 0
2
3.486096735655208
50 -0.009212447120211624 0.09912249469100362 0 0.005097595447153313 0.05308874424358234 0
1 27.75207339083879 -2.456124734550172 0 14.74512022764237 -2.654437212179113 0
2
3.504699077693946
50 -0.009117399691205048 0.1001100493345713 0 0.005121193211292088 0.0530865616467994 0
1 28.02635614996953 -2.505502466728558 0 14.74394033943543 -2.654328082339966 0
2
3.504699077693946
50 -0.009117399691205048 0.1001100493345713 0 0.005121193211292088 0.0530865616467994 0
1 28.02635614996953 -2.505502466728558 0 14.74394033943543 -2.654328082339966 0
2
3.523488201467704
50 -0.009020956726000002 0.1011074787784736 0 0.005144558206400452 0.05308437973799268 0
1 28.30337085831565 -2.55537393892367 0 14.74277208968002 -2.65421898689963 0
2
3.523488201467704
50 -0.009020956726000002 0.1011074787784736 0 0.005144558206400452 0.05308437973799268 0
1 28.30337085831565 -2.55537393892367 0 14.74277208968002 -2.65421898689963 0
2
3.542465982455524
50 -0.008923104178157584 0.1021148817809621 0 0.005167692693650474 0.05308219891776952 0
1 28.58314494574082 -2.605744089048095 0 14.74161536531751 -2.654109945888472 0
2
3.542465982455524
50 -0.008923104178157584 0.1021148817809621 0 0.005167692693650474 0.05308219891776952 0
1 28.58314494574082 -2.605744089048095 0 14.74161536531751 -2.654109945888472 0
2
3.561634314817903
50 -0.008823827861628677 0.1031323580877162 0 0.00519059891343942 0.0530800195749277 0
1 28.86570611535006 -2.656617904385802 0 14.74047005432807 -2.654000978746381 0
2
3.561634314817903
50 -0.008823827861628677 0.1031323580877162 0 0.00519059891343942 0.0530800195749277 0
1 28.86570611535006 -2.656617904385802 0 14.74047005432807 -2.654000978746381 0
2
3.58099511158429
50 -0.008723113449350456 0.1041600084417198 0 0.005213279085542143 0.05307784208671988 0
1 29.15108234623197 -2.708000422085981 0 14.73933604572293 -2.65389210433599 0
2
3.58099511158429
50 -0.008723113449350456 0.1041600084417198 0 0.005213279085542143 0.05307784208671988 0
1 29.15108234623197 -2.708000422085981 0 14.73933604572293 -2.65389210433599 0
2
3.600550304842446
50 -0.008620946471828888 0.1051979345932365 0 0.00523573540926361 0.05307566681911277 0
1 29.43930189622822 -2.759896729661817 0 14.73821322953686 -2.653783340955635 0
2
3.600550304842446
50 -0.008620946471828888 0.1051979345932365 0 0.00523573540926361 0.05307566681911277 0
1 29.43930189622822 -2.759896729661817 0 14.73821322953686 -2.653783340955635 0
2
3.620301845929687
50 -0.008517312315707137 0.1062462393098852 0 0.005257970063591523 0.05307349412704113 0
1 29.73039330473075 -2.81231196549425 0 14.73710149682046 -2.653674706352053 0
2
3.620301845929687
50 -0.008517312315707137 0.1062462393098852 0 0.005257970063591523 0.05307349412704113 0
1 29.73039330473075 -2.81231196549425 0 14.73710149682046 -2.653674706352053 0
2
3.640251705626047
50 -0.008412196222319677 0.1073050263868156 0 0.005279985207348983 0.05307132435465669 0
1 30.02438539550678 -2.865251319340774 0 14.73600073963259 -2.653566217732831 0
2
3.640251705626047
50 -0.008412196222319677 0.1073050263868156 0 0.005279985207348983 0.05307132435465669 0
1 30.02438539550678 -2.865251319340774 0 14.73600073963259 -2.653566217732831 0
2
3.660401874349356
50 -0.008305583286232007 0.1083744006569865 0 0.005301782979347155 0.0530691578355721 0
1 30.32130727955204 -2.918720032849315 0 14.73491085103268 -2.653457891778601 0
2
3.660401874349356
50 -0.008305583286232007 0.1083744006569865 0 0.005301782979347155 0.0530691578355721 0
1 30.32130727955204 -2.918720032849315 0 14.73491085103268 -2.653457891778601 0
2
3.680754362352268
50 -0.008197458453765811 0.1094544680015453 0 0.005323365498537885 0.05306699489310002 0
1 30.62118835797241 -2.972723400077255 0 14.73383172507315 -2.653349744654997 0
2
3.680754362352268
50 -0.008197458453765811 0.1094544680015453 0 0.005323365498537885 0.05306699489310002 0
1 30.62118835797241 -2.972723400077255 0 14.73383172507315 -2.653349744654997 0
2
3.70131119992125
50 -0.008087806521509412 0.1105453353603129 0 0.005344734864166219 0.05306483584048739 0
1 30.92405832489433 -3.027266768015637 0 14.73276325679173 -2.653241792024365 0
2
3.70131119992125
50 -0.008087806521509412 0.1105453353603129 0 0.005344734864166219 0.05306483584048739 0
1 30.92405832489433 -3.027266768015637 0 14.73276325679173 -2.653241792024365 0
2
3.722074437577561
50 -0.007976612134813392 0.1116471107423724 0 0.005365893155922802 0.05306268098114489 0
1 31.22994717040419 -3.082355537118613 0 14.7317053422039 -2.65313404905724 0
2
3.722074437577561
50 -0.007976612134813392 0.1116471107423724 0 0.005365893155922802 0.05306268098114489 0
1 31.22994717040419 -3.082355537118613 0 14.7317053422039 -2.65313404905724 0
2
3.74304614628023
50 -0.00786385978627121 0.1127599032367638 0 0.005386842434096098 0.053060530608872 0
1 31.53888518351712 -3.137995161838183 0 14.73065787829524 -2.653026530443595 0
2
3.74304614628023
50 -0.00786385978627121 0.1127599032367638 0 0.005386842434096098 0.053060530608872 0
1 31.53888518351712 -3.137995161838183 0 14.73065787829524 -2.653026530443595 0
2
3.764228417631061
50 -0.007749533814184675 0.1138838230232858 0 0.005407584739724399 0.05305838500807726 0
1 31.85090295517525 -3.194191151164282 0 14.72962076301382 -2.652919250403858 0
2
3.764228417631061
50 -0.007749533814184675 0.1138838230232858 0 0.005407584739724399 0.05305838500807726 0
1 31.85090295517525 -3.194191151164282 0 14.72962076301382 -2.652919250403858 0
2
3.785623364081681
50 -0.007633618401014123 0.1150189813834056 0 0.005428122094747595 0.05305624445399426 0
1 32.16603138127601 -3.250949069170269 0 14.72859389526266 -2.652812222699709 0
2
3.785623364081681
50 -0.007633618401014123 0.1150189813834056 0 0.005428122094747595 0.05305624445399426 0
1 32.16603138127601 -3.250949069170269 0 14.72859389526266 -2.652812222699709 0
2
3.807233119142656
50 -0.007516097571813152 0.1161654907112774 0 0.005448456502158656 0.05305410921289316 0
1 32.4843016657306 -3.308274535563858 0 14.72757717489211 -2.652705460644654 0
2
3.807233119142656
50 -0.007516097571813152 0.1161654907112774 0 0.005448456502158656 0.05305410921289316 0
1 32.4843016657306 -3.308274535563858 0 14.72757717489211 -2.652705460644654 0
2
3.82905983759469
50 -0.007396955192647743 0.1173234645248716 0 0.005468589946154799 0.05305197954228789 0
1 32.80574532355285 -3.366173226243568 0 14.7265705026923 -2.652598977114391 0
2
3.82905983759469
50 -0.007396955192647743 0.1173234645248716 0 0.005468589946154799 0.05305197954228789 0
1 32.80574532355285 -3.366173226243568 0 14.7265705026923 -2.652598977114391 0
2
3.851105695701933
50 -0.00727617496899963 0.1184930174772149 0 0.005488524392288314 0.05304985569113928 0
1 33.13039418397909 -3.424650873860733 0 14.72557378038563 -2.652492784556959 0
2
3.851105695701933
50 -0.00727617496899963 0.1184930174772149 0 0.005488524392288314 0.05304985569113928 0
1 33.13039418397909 -3.424650873860733 0 14.72557378038563 -2.652492784556959 0
2
3.851105695701933
50 -0.00727617496899963 0.1184930174772149 0 0.005488524392288314 0.05304985569113928 0
1 33.13039418397909 -3.424650873860733 0 14.72557378038563 -2.652492784556959 0
2
3.873372891427411
50 -0.007153740444153746 0.1196742653677427 0 0.005508261787616999 0.05304773790005381 0
1 33.45828039361896 -3.483713268387125 0 14.72458691061919 -2.652386895002686 0
2
3.873372891427411
50 -0.007153740444153746 0.1196742653677427 0 0.005508261787616999 0.05304773790005381 0
1 33.45828039361896 -3.483713268387125 0 14.72458691061919 -2.652386895002686 0
2
3.895863644650616
50 -0.007029634997569601 0.1208673251537654 0 0.0055278040608542 0.05304562640147855 0
1 33.78943641963782 -3.543366257688259 0 14.72360979695733 -2.652281320073923 0
2
3.895863644650616
50 -0.007029634997569601 0.1208673251537654 0 0.0055278040608542 0.05304562640147855 0
1 33.78943641963782 -3.543366257688259 0 14.72360979695733 -2.652281320073923 0
2
3.918580197387254
50 -0.006903841843236414 0.1220723149620487 0 0.005547153122518404 0.05304352141989191 0
1 34.12389505297074 -3.603615748102424 0 14.72264234387412 -2.652176070994591 0
2
3.918580197387254
50 -0.006903841843236414 0.1220723149620487 0 0.005547153122518404 0.05304352141989191 0
1 34.12389505297074 -3.603615748102424 0 14.72264234387412 -2.652176070994591 0
2
3.941524814011196
50 -0.006776344028011845 0.1232893541005103 0 0.005566310865082373 0.05304142317199062 0
1 34.46168941156865 -3.664467705025505 0 14.72168445674592 -2.652071158599527 0
2
3.941524814011196
50 -0.006776344028011845 0.1232893541005103 0 0.005566310865082373 0.05304142317199062 0
1 34.46168941156865 -3.664467705025505 0 14.72168445674592 -2.652071158599527 0
2
3.941524814011196
50 -0.006776344028011845 0.1232893541005103 0 0.005566310865082373 0.05304142317199062 0
1 34.46168941156865 -3.664467705025505 0 14.72168445674592 -2.652071158599527 0
2
3.964699781478638
50 -0.006647124429944176 0.1245185630700333 0 0.005585279163121785 0.05303933186687277 0
1 34.80285294367689 -3.725928153501654 0 14.72073604184395 -2.651966593343634 0
2
3.964699781478638
50 -0.006647124429944176 0.1245185630700333 0 0.005585279163121785 0.05303933186687277 0
1 34.80285294367689 -3.725928153501654 0 14.72073604184395 -2.651966593343634 0
2
3.988107409554496
50 -0.006516165756577747 0.1257600635763974 0 0.005604059873463356 0.05303724770621714 0
1 35.14741943114644 -3.78800317881986 0 14.71979700632687 -2.651862385310852 0
2
3.988107409554496
50 -0.006516165756577747 0.1257600635763974 0 0.005604059873463356 0.05303724770621714 0
1 35.14741943114644 -3.78800317881986 0 14.71979700632687 -2.651862385310852 0
2
4.011750031041066
50 -0.006383450543241501 0.1270139785423301 0 0.005622654835332436 0.05303517088445879 0
1 35.49542299277817 -3.850698927116492 0 14.71886725823342 -2.651758544222935 0
2
4.011750031041066
50 -0.006383450543241501 0.1270139785423301 0 0.005622654835332436 0.05303517088445879 0
1 35.49542299277817 -3.850698927116492 0 14.71886725823342 -2.651758544222935 0
2
4.011750031041066
50 -0.006383450543241501 0.1270139785423301 0 0.005622654835332436 0.05303517088445879 0
1 35.49542299277817 -3.850698927116492 0 14.71886725823342 -2.651758544222935 0
2
4.035630002008959
50 -0.006248961151320466 0.1282804321196773 0 0.005641065870500027 0.0530331015889611 0
1 35.84689808770051 -3.914021605983852 0 14.71794670647504 -2.651655079448051 0
2
4.035630002008959
50 -0.006248961151320466 0.1282804321196773 0 0.005641065870500027 0.0530331015889611 0
1 35.84689808770051 -3.914021605983852 0 14.71794670647504 -2.651655079448051 0
2
4.059749702030345
50 -0.006112679766509994 0.1295595497016968 0 0.005659294783429227 0.05303104000018414 0
1 36.20187951878079 -3.977977485084831 0 14.71703526082858 -2.651552000009203 0
2
4.059749702030345
50 -0.006112679766509994 0.1295595497016968 0 0.005659294783429227 0.05303104000018414 0
1 36.20187951878079 -3.977977485084831 0 14.71703526082858 -2.651552000009203 0
2
4.084111534414524
50 -0.005974588397052596 0.1308514579354741 0 0.005677343361421067 0.05302898629184962 0
1 36.5604024360706 -4.042572896773692 0 14.71613283192899 -2.651449314592477 0
2
4.084111534414524
50 -0.005974588397052596 0.1308514579354741 0 0.005677343361421067 0.05302898629184962 0
1 36.5604024360706 -4.042572896773692 0 14.71613283192899 -2.651449314592477 0
2
4.084111534414524
50 -0.005974588397052596 0.1308514579354741 0 0.005677343361421067 0.05302898629184962 0
1 36.5604024360706 -4.042572896773692 0 14.71613283192899 -2.651449314592477 0
2
4.108717926445844
50 -0.005834668871957189 0.1321562847344617 0 0.005695213374759723 0.05302694063110243 0
1 36.92250234028563 -4.107814236723075 0 14.71523933126205 -2.651347031555118 0
2
4.108717926445844
50 -0.005834668871957189 0.1321562847344617 0 0.005695213374759723 0.05302694063110243 0
1 36.92250234028563 -4.107814236723075 0 14.71523933126205 -2.651347031555118 0
2
4.133571329623997
50 -0.005692902839200587 0.1334741592911453 0 0.005712906576857086 0.05302490317866874 0
1 37.2882150863201 -4.173707964557256 0 14.71435467115719 -2.651245158933433 0
2
4.133571329623997
50 -0.005692902839200587 0.1334741592911453 0 0.005712906576857086 0.05302490317866874 0
1 37.2882150863201 -4.173707964557256 0 14.71435467115719 -2.651245158933433 0
2
4.133571329623997
50 -0.005692902839200587 0.1334741592911453 0 0.005712906576857086 0.05302490317866874 0
1 37.2882150863201 -4.173707964557256 0 14.71435467115719 -2.651245158933433 0
2
4.158674219906715
50 -0.005549271763911051 0.1348052120898351 0 0.005730424704396673 0.0530228740890109 0
1 37.65757688679638 -4.240260604491745 0 14.71347876478021 -2.651143704450541 0
2
4.158674219906715
50 -0.005549271763911051 0.1348052120898351 0 0.005730424704396673 0.0530228740890109 0
1 37.65757688679638 -4.240260604491745 0 14.71347876478021 -2.651143704450541 0
2
4.18402909795488
50 -0.005403756926533725 0.1361495749195859 0 0.005747769477476854 0.05302085351047899 0
1 38.03062431564999 -4.307478745979284 0 14.7126115261262 -2.651042675523945 0
2
4.18402909795488
50 -0.005403756926533725 0.1361495749195859 0 0.005747769477476854 0.05302085351047899 0
1 38.03062431564999 -4.307478745979284 0 14.7126115261262 -2.651042675523945 0
2
4.18402909795488
50 -0.005403756926533725 0.1361495749195859 0 0.005747769477476854 0.05302085351047899 0
1 38.03062431564999 -4.307478745979284 0 14.7126115261262 -2.651042675523945 0
2
4.20963848938009
50 -0.00525633942097777 0.1375073808872461 0 0.005764942599753395 0.05301884158545934 0
1 38.40739431175035 -4.375369044362293 0 14.71175287001237 -2.650942079272963 0
2
4.20963848938009
50 -0.00525633942097777 0.1375073808872461 0 0.005764942599753395 0.05301884158545934 0
1 38.40739431175035 -4.375369044362293 0 14.71175287001237 -2.650942079272963 0
2
4.235504944994692
50 -0.005107000152745025 0.1388787644306372 0 0.005781945758581281 0.05301683845051982 0
1 38.78792418255775 -4.443938221531844 0 14.71090271207098 -2.650841922525986 0
2
4.235504944994692
50 -0.005107000152745025 0.1388787644306372 0 0.005781945758581281 0.05301683845051982 0
1 38.78792418255775 -4.443938221531844 0 14.71090271207098 -2.650841922525986 0
2
4.235504944994692
50 -0.005107000152745025 0.1388787644306372 0 0.005781945758581281 0.05301683845051982 0
1 38.78792418255775 -4.443938221531844 0 14.71090271207098 -2.650841922525986 0
2
4.261631041064307
50 -0.004955719837039988 0.1402638613318647 0 0.005798780625155824 0.05301484423655212 0
1 39.17225160781673 -4.513193066593222 0 14.71006096874225 -2.650742211827601 0
2
4.261631041064307
50 -0.004955719837039988 0.1402638613318647 0 0.005798780625155824 0.05301484423655212 0
1 39.17225160781673 -4.513193066593222 0 14.71006096874225 -2.650742211827601 0
2
4.261631041064307
50 -0.004955719837039988 0.1402638613318647 0 0.005798780625155824 0.05301484423655212 0
1 39.17225160781673 -4.513193066593222 0 14.71006096874225 -2.650742211827601 0
2
4.288019379562882
50 -0.004802478996860957 0.1416628087307632 0 0.005815448854653026 0.05301285906891104 0
1 39.5604146432864 -4.583140436538145 0 14.70922755726739 -2.650642953445548 0
2
4.288019379562882
50 -0.004802478996860957 0.1416628087307632 0 0.005815448854653026 0.05301285906891104 0
1 39.5604146432864 -4.583140436538145 0 14.70922755726739 -2.650642953445548 0
2
4.314672588430283
50 -0.004647257961072121 0.1430757451384743 0 0.0058319520863692 0.05301088306755088 0
1 39.95245172450798 -4.653787256923702 0 14.70840239568158 -2.65054415337754 0
2
4.314672588430283
50 -0.004647257961072121 0.1430757451384743 0 0.0058319520863692 0.05301088306755088 0
1 39.95245172450798 -4.653787256923702 0 14.70840239568158 -2.65054415337754 0
2
4.314672588430283
50 -0.004647257961072121 0.1430757451384743 0 0.0058319520863692 0.05301088306755088 0
1 39.95245172450798 -4.653787256923702 0 14.70840239568158 -2.65054415337754 0
2
4.341593321832463
50 -0.004490036862456422 0.1445028104511618 0 0.005848291943859822 0.05300891634715885 0
1 40.3484016706099 -4.725140522558073 0 14.70758540280705 -2.650445817357939 0
2
4.341593321832463
50 -0.004490036862456422 0.1445028104511618 0 0.005848291943859822 0.05300891634715885 0
1 40.3484016706099 -4.725140522558073 0 14.70758540280705 -2.650445817357939 0
2
4.341593321832463
50 -0.004490036862456422 0.1445028104511618 0 0.005848291943859822 0.05300891634715885 0
1 40.3484016706099 -4.725140522558073 0 14.70758540280705 -2.650445817357939 0
2
4.368784260424225
50 -0.004330795635748987 0.1459441459638626 0 0.005864470035077607 0.05300695901728578 0
1 40.74830368815095 -4.797207298193115 0 14.70677649824616 -2.650347950864285 0
2
4.368784260424225
50 -0.004330795635748987 0.1459441459638626 0 0.005864470035077607 0.05300695901728578 0
1 40.74830368815095 -4.797207298193115 0 14.70677649824616 -2.650347950864285 0
2
4.396248111614606
50 -0.004169514015650948 0.1473998943844777 0 0.005880487952509809 0.05300501118247394 0
1 41.15219737500178 -4.869994719223869 0 14.70597560237455 -2.650250559123693 0
2
4.396248111614606
50 -0.004169514015650948 0.1473998943844777 0 0.005880487952509809 0.05300501118247394 0
1 41.15219737500178 -4.869994719223869 0 14.70597560237455 -2.650250559123693 0
2
4.396248111614606
50 -0.004169514015650948 0.1473998943844777 0 0.005880487952509809 0.05300501118247394 0
1 41.15219737500178 -4.869994719223869 0 14.70597560237455 -2.650250559123693 0
2
4.423987609834918
50 -0.004006171534823441 0.1488701998479015 0 0.005896347273314718 0.05300307294238228 0
1 41.56012272426508 -4.943509992395058 0 14.70518263633431 -2.65015364711911 0
2
4.423987609834918
50 -0.004006171534823441 0.1488701998479015 0 0.005896347273314718 0.05300307294238228 0
1 41.56012272426508 -4.943509992395058 0 14.70518263633431 -2.65015364711911 0
2
4.423987609834918
50 -0.004006171534823441 0.1488701998479015 0 0.005896347273314718 0.05300307294238228 0
1 41.56012272426508 -4.943509992395058 0 14.70518263633431 -2.65015364711911 0
2
4.452005516809455
50 -0.003840747521861588 0.1503552079302934 0 0.005912049559457351 0.05300114439190888 0
1 41.97212012823503 -5.017760396514653 0 14.70439752202717 -2.65005721959544 0
2
4.452005516809455
50 -0.003840747521861588 0.1503552079302934 0 0.005912049559457351 0.05300114439190888 0
1 41.97212012823503 -5.017760396514653 0 14.70439752202717 -2.65005721959544 0
2
4.452005516809455
50 -0.003840747521861588 0.1503552079302934 0 0.005912049559457351 0.05300114439190888 0
1 41.97212012823503 -5.017760396514653 0 14.70439752202717 -2.65005721959544 0
2
4.48030462182891
50 -0.003673221099248271 0.1518550656634917 0 0.005927596357844339 0.05299922562131086 0
1 42.3882303823962 -5.09275328317457 0 14.70362018210782 -2.649961281065539 0
2
4.48030462182891
50 -0.003673221099248271 0.1518550656634917 0 0.005927596357844339 0.05299922562131086 0
1 42.3882303823962 -5.09275328317457 0 14.70362018210782 -2.649961281065539 0
2
4.48030462182891
50 -0.003673221099248271 0.1518550656634917 0 0.005927596357844339 0.05299922562131086 0
1 42.3882303823962 -5.09275328317457 0 14.70362018210782 -2.649961281065539 0
2
4.508887742026522
50 -0.003503571181287488 0.1533699215495719 0 0.005942989200457978 0.05299731671632171 0
1 42.80849468946234 -5.168496077478577 0 14.70285053997714 -2.649865835816081 0
2
4.508887742026522
50 -0.003503571181287488 0.1533699215495719 0 0.005942989200457978 0.05299731671632171 0
1 42.80849468946234 -5.168496077478577 0 14.70285053997714 -2.649865835816081 0
2
4.537757722656971
50 -0.003331776472017079 0.1548999255755498 0 0.005958229604489463 0.05299541775826615 0
1 43.23295466345554 -5.244996278777472 0 14.70208851977557 -2.649770887913303 0
2
4.537757722656971
50 -0.003331776472017079 0.1548999255755498 0 0.005958229604489463 0.05299541775826615 0
1 43.23295466345554 -5.244996278777472 0 14.70208851977557 -2.649770887913303 0
2
4.537757722656971
50 -0.003331776472017079 0.1548999255755498 0 0.005958229604489463 0.05299541775826615 0
1 43.23295466345554 -5.244996278777472 0 14.70208851977557 -2.649770887913303 0
2
4.566917437378071
50 -0.003157815463100635 0.1564452292282328 0 0.005973319072471276 0.05299352882417245 0
1 43.66165233382622 -5.322261461411623 0 14.70133404637648 -2.649676441208618 0
2
4.566917437378071
50 -0.003157815463100635 0.1564452292282328 0 0.005973319072471276 0.05299352882417245 0
1 43.66165233382622 -5.322261461411623 0 14.70133404637648 -2.649676441208618 0
2
4.566917437378071
50 -0.003157815463100635 0.1564452292282328 0 0.005973319072471276 0.05299352882417245 0
1 43.66165233382622 -5.322261461411623 0 14.70133404637648 -2.649676441208618 0
2
4.596369788535265
50 -0.002981666431698365 0.1580059855092188 0 0.005988259092408732 0.05299164998688241 0
1 44.09463014961401 -5.40029927546092 0 14.7005870453796 -2.649582499344116 0
2
4.596369788535265
50 -0.002981666431698365 0.1580059855092188 0 0.005988259092408732 0.05299164998688241 0
1 44.09463014961401 -5.40029927546092 0 14.7005870453796 -2.649582499344116 0
2
4.596369788535265
50 -0.002981666431698365 0.1580059855092188 0 0.005988259092408732 0.05299164998688241 0
1 44.09463014961401 -5.40029927546092 0 14.7005870453796 -2.649582499344116 0
2
4.626117707448967
50 -0.002803307438316715 0.1595823489500451 0 0.006003051137910677 0.05298978131515896 0
1 44.53193098365046 -5.479117447502235 0 14.69984744310451 -2.649489065757944 0
2
4.626117707448967
50 -0.002803307438316715 0.1595823489500451 0 0.006003051137910677 0.05298978131515896 0
1 44.53193098365046 -5.479117447502235 0 14.69984744310451 -2.649489065757944 0
2
4.626117707448967
50 -0.002803307438316715 0.1595823489500451 0 0.006003051137910677 0.05298978131515896 0
1 44.53193098365046 -5.479117447502235 0 14.69984744310451 -2.649489065757944 0
2
4.656164154704769
50 -0.00262271632463653 0.1611744756274893 0 0.006017696668319332 0.05298792287379141 0
1 44.97359813680349 -5.558723781374446 0 14.69911516658407 -2.649396143689566 0
2
4.656164154704769
50 -0.00262271632463653 0.1611744756274893 0 0.006017696668319332 0.05298792287379141 0
1 44.97359813680349 -5.558723781374446 0 14.69911516658407 -2.649396143689566 0
2
4.656164154704769
50 -0.00262271632463653 0.1611744756274893 0 0.006017696668319332 0.05298792287379141 0
1 44.97359813680349 -5.558723781374446 0 14.69911516658407 -2.649396143689566 0
2
4.686512120446549
50 -0.002439870711319541 0.1627825231790228 0 0.006032197128839265 0.05298607472369845 0
1 45.41967534226435 -5.639126158951122 0 14.69839014355808 -2.649303736184918 0
2
4.686512120446549
50 -0.002439870711319541 0.1627825231790228 0 0.006032197128839265 0.05298607472369845 0
1 45.41967534226435 -5.639126158951122 0 14.69839014355808 -2.649303736184918 0
2
4.686512120446549
50 -0.002439870711319541 0.1627825231790228 0 0.006032197128839265 0.05298607472369845 0
1 45.41967534226435 -5.639126158951122 0 14.69839014355808 -2.649303736184918 0
2
4.717164624672506
50 -0.002254747995792961 0.1644066508184189 0 0.006046553950665512 0.05298423692202896 0
1 45.87020676987738 -5.720332540920928 0 14.69767230246677 -2.649211846101444 0
2
4.717164624672506
50 -0.002254747995792961 0.1644066508184189 0 0.006046553950665512 0.05298423692202896 0
1 45.87020676987738 -5.720332540920928 0 14.69767230246677 -2.649211846101444 0
2
4.717164624672506
50 -0.002254747995792961 0.1644066508184189 0 0.006046553950665512 0.05298423692202896 0
1 45.87020676987738 -5.720332540920928 0 14.69767230246677 -2.649211846101444 0
2
4.748124717534147
50 -0.002067325350011966 0.1660470193515169 0 0.006060768551110816 0.05298240952226056 0
1 46.32523703051297 -5.802350967575825 0 14.6969615724445 -2.649120476113024 0
2
4.748124717534147
50 -0.002067325350011966 0.1660470193515169 0 0.006060768551110816 0.05298240952226056 0
1 46.32523703051297 -5.802350967575825 0 14.6969615724445 -2.649120476113024 0
2
4.748124717534147
50 -0.002067325350011966 0.1660470193515169 0 0.006060768551110816 0.05298240952226056 0
1 46.32523703051297 -5.802350967575825 0 14.6969615724445 -2.649120476113024 0
2
4.779395479638267
50 -0.001877579718199851 0.1677037911921438 0 0.006074842333731998 0.05298059257429608 0
1 46.78481118048416 -5.885189559607171 0 14.69625788331344 -2.649029628714799 0
2
4.779395479638267
50 -0.001877579718199851 0.1677037911921438 0 0.006074842333731998 0.05298059257429608 0
1 46.78481118048416 -5.885189559607171 0 14.69625788331344 -2.649029628714799 0
2
4.779395479638267
50 -0.001877579718199851 0.1677037911921438 0 0.006074842333731998 0.05298059257429608 0
1 46.78481118048416 -5.885189559607171 0 14.69625788331344 -2.649029628714799 0
2
4.810980022351936
50 -0.001685487814565624 0.1693771303781956 0 0.00608877668845545 0.05297878612455789 0
1 47.24897472600749 -5.968856518909759 0 14.69556116557727 -2.64893930622789 0
2
4.810980022351936
50 -0.001685487814565624 0.1693771303781956 0 0.00608877668845545 0.05297878612455789 0
1 47.24897472600749 -5.968856518909759 0 14.69556116557727 -2.64893930622789 0
2
4.810980022351936
50 -0.001685487814565624 0.1693771303781956 0 0.00608877668845545 0.05297878612455789 0
1 47.24897472600749 -5.968856518909759 0 14.69556116557727 -2.64893930622789 0
2
4.810980022351936
50 -0.001685487814565624 0.1693771303781956 0 0.00608877668845545 0.05297878612455789 0
1 47.24897472600749 -5.968856518909759 0 14.69556116557727 -2.64893930622789 0
2
4.842881488110542
50 -0.001491026120998822 0.1710672025878787 0 0.006102572991701744 0.05297699021608024 0
1 47.71777362770824 -6.053360129393913 0 14.69487135041495 -2.648849510804007 0
2
4.842881488110542
50 -0.001491026120998822 0.1710672025878787 0 0.006102572991701744 0.05297699021608024 0
1 47.71777362770824 -6.053360129393913 0 14.69487135041495 -2.648849510804007 0
2
4.842881488110542
50 -0.001491026120998822 0.1710672025878787 0 0.006102572991701744 0.05297699021608024 0
1 47.71777362770824 -6.053360129393913 0 14.69487135041495 -2.648849510804007 0
2
4.875103050728899
50 -0.001294170884741318 0.1727741751561142 0 0.006116232606509359 0.05297520488859949 0
1 48.19125430517074 -6.13870875780569 0 14.69418836967457 -2.64876024442997 0
2
4.875103050728899
50 -0.001294170884741318 0.1727741751561142 0 0.006116232606509359 0.05297520488859949 0
1 48.19125430517074 -6.13870875780569 0 14.69418836967457 -2.64876024442997 0
2
4.875103050728899
50 -0.001294170884741318 0.1727741751561142 0 0.006116232606509359 0.05297520488859949 0
1 48.19125430517074 -6.13870875780569 0 14.69418836967457 -2.64876024442997 0
2
4.907647915715477
50 -0.001094898116035885 0.1744982170911064 0 0.006129756882657528 0.05297343017864246 0
1 48.66946364153412 -6.224910854555299 0 14.69351215586717 -2.648671508932118 0
2
4.907647915715477
50 -0.001094898116035885 0.1744982170911064 0 0.006129756882657528 0.05297343017864246 0
1 48.66946364153412 -6.224910854555299 0 14.69351215586717 -2.648671508932118 0
2
4.907647915715477
50 -0.001094898116035885 0.1744982170911064 0 0.006129756882657528 0.05297343017864246 0
1 48.66946364153412 -6.224910854555299 0 14.69351215586717 -2.648671508932118 0
2
4.94051932058975
50 -0.0008931835857512914 0.1762394990910761 0 0.006143147156788186 0.05297166611961279 0
1 49.15244898813399 -6.311974954553784 0 14.69284264216063 -2.648583305980635 0
2
4.94051932058975
50 -0.0008931835857512914 0.1762394990910761 0 0.006143147156788186 0.05297166611961279 0
1 49.15244898813399 -6.311974954553784 0 14.69284264216063 -2.648583305980635 0
2
4.94051932058975
50 -0.0008931835857512914 0.1762394990910761 0 0.006143147156788186 0.05297166611961279 0
1 49.15244898813399 -6.311974954553784 0 14.69284264216063 -2.648583305980635 0
2
4.94051932058975
50 -0.0008931835857512914 0.1762394990910761 0 0.006143147156788186 0.05297166611961279 0
1 49.15244898813399 -6.311974954553784 0 14.69284264216063 -2.648583305980635 0
2
4.973720535202736
50 -0.0006890028229836851 0.1779981935611621 0 0.00615640475252704 0.0529699127418754 0
1 49.6402581691904 -6.399909678058088 0 14.69217976237369 -2.648495637093765 0
2
4.973720535202736
50 -0.0006890028229836851 0.1779981935611621 0 0.00615640475252704 0.0529699127418754 0
1 49.6402581691904 -6.399909678058088 0 14.69217976237369 -2.648495637093765 0
2
4.973720535202736
50 -0.0006890028229836851 0.1779981935611621 0 0.00615640475252704 0.0529699127418754 0
1 49.6402581691904 -6.399909678058088 0 14.69217976237369 -2.648495637093765 0
2
5.007254862060721
50 -0.0004823311126340368 0.1797744746304917 0 0.00616953098060374 0.05296817007283911 0
1 50.1329394865427 -6.488723731524565 0 14.69152345096985 -2.648408503641951 0
